long	string	int[]	long	int	int	int[]	int[]	int	int	int	int
条目id	描述	商品分类	道具id	数量	消耗类型(ResType)	消耗数量	限购次数(0不限购)序列(0每日1每个玩家)	默认折扣	VIP限购等级	排序Id	是否推荐
id	describe	showType	goodsId	count	priceType	price	limitCount	discount	vipLevelLimit	sort	recommend
65001		3	40021	5	90102	150	1+1	10000		1	1
65002		3	40022	5	90102	150	1+1	10000		2	1
65003		3	40023	5	90102	150	1+1	10000		3	1
65004		3	40025	5	90102	150	1+1	10000		4	1
65005		3	40026	5	90102	150	1+1	10000		5	1
65006		3	40027	5	90102	150	1+1	10000		6	1
65007		3	40031	5	90102	150	1+1	10000		7	1
65008		3	40037	5	90102	200	1+1	10000		8	1
65009		3	40038	5	90102	200	1+1	10000		9	1
65010		3	40039	5	90102	200	1+1	10000		10	1
65011		3	40040	5	90102	200	1+1	10000		11	1
65012		3	40041	5	90102	200	1+1	10000		12	1
65013		3	40042	5	90102	200	1+1	10000		13	1
65014		3	40043	5	90102	200	1+1	10000		14	1
65015		3	40044	5	90102	200	1+1	10000		15	1
65016		3	40045	5	90102	200	1+1	10000		16	1
65017		3	40046	5	90102	200	1+1	10000		17	1
65018		3	40048	5	90102	200	1+1	10000		18	1
65019		3	40049	5	90102	200	1+1	10000		19	1
65020		3	40050	5	90102	200	1+1	10000		20	1
65021		3	40051	5	90102	200	1+1	10000		21	1
65022		3	40052	5	90102	200	1+1	10000		22	1
65023		3	40053	5	90102	200	1+1	10000		23	1
65024		3	40054	5	90102	200	1+1	10000		24	1
65025		3	40055	5	90102	200	1+1	10000		25	1
65026		3	40056	5	90102	200	1+1	10000		26	1
65027		3	40021	10	90102	300	1+1	10000		27	1
65028		3	40022	10	90102	300	1+1	10000		28	1
65029		3	40023	10	90102	300	1+1	10000		29	1
65030		3	40025	10	90102	300	1+1	10000		30	1
65031		3	40026	10	90102	300	1+1	10000		31	1
65032		3	40027	10	90102	300	1+1	10000		32	1
65033		3	40031	10	90102	300	1+1	10000		33	1
65034		3	40037	10	90102	400	1+1	10000		34	1
65035		3	40038	10	90102	400	1+1	10000		35	1
65036		3	40039	10	90102	400	1+1	10000		36	1
65037		3	40040	10	90102	400	1+1	10000		37	1
65038		3	40041	10	90102	400	1+1	10000		38	1
65039		3	40042	10	90102	400	1+1	10000		39	1
65040		3	40043	10	90102	400	1+1	10000		40	1
65041		3	40044	10	90102	400	1+1	10000		41	1
65042		3	40045	10	90102	400	1+1	10000		42	1
65043		3	40046	10	90102	400	1+1	10000		43	1
65044		3	40048	10	90102	400	1+1	10000		44	1
65045		3	40049	10	90102	400	1+1	10000		45	1
65046		3	40050	10	90102	400	1+1	10000		46	1
65047		3	40051	10	90102	400	1+1	10000		47	1
65048		3	40052	10	90102	400	1+1	10000		48	1
65049		3	40053	10	90102	400	1+1	10000		49	1
65050		3	40054	10	90102	400	1+1	10000		50	1
65051		3	40055	10	90102	400	1+1	10000		51	1
65052		3	40056	10	90102	400	1+1	10000		52	1
65053		3	40021	20	90102	600	1+1	10000		53	1
65054		3	40022	20	90102	600	1+1	10000		54	1
65055		3	40023	20	90102	600	1+1	10000		55	1
65056		3	40025	20	90102	600	1+1	10000		56	1
65057		3	40026	20	90102	600	1+1	10000		57	1
65058		3	40027	20	90102	600	1+1	10000		58	1
65059		3	40031	20	90102	600	1+1	10000		59	1
65060		3	40037	20	90102	800	1+1	10000		60	1
65061		3	40038	20	90102	800	1+1	10000		61	1
65062		3	40039	20	90102	800	1+1	10000		62	1
65063		3	40040	20	90102	800	1+1	10000		63	1
65064		3	40041	20	90102	800	1+1	10000		64	1
65065		3	40042	20	90102	800	1+1	10000		65	1
65066		3	40043	20	90102	800	1+1	10000		66	1
65067		3	40044	20	90102	800	1+1	10000		67	1
65068		3	40045	20	90102	800	1+1	10000		68	1
65069		3	40046	20	90102	800	1+1	10000		69	1
65070		3	40048	20	90102	800	1+1	10000		70	1
65071		3	40049	20	90102	800	1+1	10000		71	1
65072		3	40050	20	90102	800	1+1	10000		72	1
65073		3	40051	20	90102	800	1+1	10000		73	1
65074		3	40052	20	90102	800	1+1	10000		74	1
65075		3	40053	20	90102	800	1+1	10000		75	1
65076		3	40054	20	90102	800	1+1	10000		76	1
65077		3	40055	20	90102	800	1+1	10000		77	1
65078		3	40056	20	90102	800	1+1	10000		78	1
65079		3	1301	1	90102	3000	1+1	10000		79	1
65080		3	1302	1	90102	3000	1+1	10000		80	1
65081		3	1303	1	90102	3000	1+1	10000		81	1
65082		3	1305	1	90102	3000	1+1	10000		82	1
65083		3	1306	1	90102	3000	1+1	10000		83	1
65084		3	1307	1	90102	3000	1+1	10000		84	1
65085		3	1311	1	90102	3000	1+1	10000		85	1
65086		3	1401	1	90102	12000	1+1	10000		86	1
65087		3	1402	1	90102	12000	1+1	10000		87	1
65088		3	1403	1	90102	12000	1+1	10000		88	1
65089		3	1404	1	90102	12000	1+1	10000		89	1
65090		3	1405	1	90102	12000	1+1	10000		90	1
65091		3	1406	1	90102	12000	1+1	10000		91	1
65092		3	1407	1	90102	12000	1+1	10000		92	1
65093		3	1408	1	90102	12000	1+1	10000		93	1
65094		3	1409	1	90102	12000	1+1	10000		94	1
65095		3	1410	1	90102	12000	1+1	10000		95	1
65096		3	1501	1	90102	24000	1+1	10000		96	1
65097		3	1502	1	90102	24000	1+1	10000		97	1
65098		3	1503	1	90102	24000	1+1	10000		98	1
65099		3	1504	1	90102	24000	1+1	10000		99	1
65100		3	1505	1	90102	24000	1+1	10000		100	1
65101		3	1506	1	90102	24000	1+1	10000		101	1
65102		3	1507	1	90102	24000	1+1	10000		102	1
65103		3	1508	1	90102	24000	1+1	10000		103	1
65104		3	1509	1	90102	24000	1+1	10000		104	1
65105		3	1301	1	90101	688	1+1	10000		105	1
65106		3	1302	1	90101	688	1+1	10000		106	1
65107		3	1303	1	90101	688	1+1	10000		107	1
65108		3	1305	1	90101	688	1+1	10000		108	1
65109		3	1306	1	90101	688	1+1	10000		109	1
65110		3	1307	1	90101	688	1+1	10000		110	1
65111		3	1311	1	90101	688	1+1	10000		111	1
65112		3	1401	1	90101	2888	1+1	10000		112	1
65113		3	1402	1	90101	2888	1+1	10000		113	1
65114		3	1403	1	90101	2888	1+1	10000		114	1
65115		3	1404	1	90101	2888	1+1	10000		115	1
65116		3	1405	1	90101	2888	1+1	10000		116	1
65117		3	1406	1	90101	2888	1+1	10000		117	1
65118		3	1407	1	90101	2888	1+1	10000		118	1
65119		3	1408	1	90101	2888	1+1	10000		119	1
65120		3	1409	1	90101	2888	1+1	10000		120	1
65121		3	1410	1	90101	2888	1+1	10000		121	1
65122		3	1501	1	90101	5888	1+1	10000		122	1
65123		3	1502	1	90101	5888	1+1	10000		123	1
65124		3	1503	1	90101	5888	1+1	10000		124	1
65125		3	1504	1	90101	5888	1+1	10000		125	1
65126		3	1505	1	90101	5888	1+1	10000		126	1
65127		3	1506	1	90101	5888	1+1	10000		127	1
65128		3	1507	1	90101	5888	1+1	10000		128	1
65129		3	1508	1	90101	5888	1+1	10000		129	1
65130		3	1509	1	90101	5888	1+1	10000		130	1
63026		3	40050	5	90107	50	3+0	10000		1	1
63027		3	1410	1	90107	2880	1+0	10000		2	1
63028		3	53011	1	90107	900	1+0	10000		3	0
63029		3	53012	1	90107	900	1+0	10000		4	0
63030		3	53013	1	90107	900	1+0	10000		5	0
63031		3	53014	1	90107	900	1+0	10000		6	0
63032		3	52021	1	90107	300	1+0	10000		7	0
63033		3	52022	1	90107	300	1+0	10000		8	0
63034		3	52023	1	90107	300	1+0	10000		9	0
63035		3	44036	1	90107	25	20+0	10000		10	0
63036		3	44041	1	90107	75	0+0	10000		11	0
63037		3	44045	1	90107	90	0+0	10000		12	0
63038		3	44024	1	90107	40	0+0	10000		13	0
63039		3	43042	1	90107	515	0+0	10000		14	0
63040		3	43002	1	90107	90	0+0	10000		15	0
63041		3	43012	1	90107	90	0+0	10000		16	0
63042		3	43022	1	90107	90	0+0	10000		17	0
63043		3	43032	1	90107	90	0+0	10000		18	0
64001		4	43301	1	90101	960	1+1	5000		1	1
64003		4	52011	1	90101	200	1+1	5000		3	1
64004		4	43051	5	90101	2420	1+1	5000		4	1
64005		4	42002	10	90101	300	1+1	5000		5	1
64006		4	41000	1000	90101	450	1+1	5000		6	1
64007		4	45101	10	90101	2600	1+1	5000		7	1
70004		1	44023	1	90101	13	0+0	10000		110	1
70005		1	44024	1	90101	26	0+0	10000		111	1
70006		1	44025	1	90101	78	0+0	10000		112	1
70007		1	44026	1	90101	156	0+0	10000		113	1
70008		2	44007	1	90101	20	0+0	10000		201	1
70009		2	44009	1	90101	60	0+0	10000		202	1
70010		3	44001	1	90101	30	3+0	10000		1	
70011		3	44003	1	90101	30	3+0	10000		2	
70012		2	44005	1	90101	100	0+0	10000		203	1
70013		2	44008	1	90101	50	0+0	10000		204	1
70014		2	44010	1	90101	100	0+0	10000		205	1
70015		2	44011	1	90101	100	0+0	10000		206	1
70016		2	44012	1	90101	100	0+0	10000		207	1
70017		2	44013	1	90101	100	0+0	10000		208	1
70018		2	44014	1	90101	200	0+0	10000		209	1
70021		4	44015	1	90101	60	0+0	10000		301	
70022		4	44016	1	90101	60	0+0	10000		302	
70023		4	44017	1	90101	60	0+0	10000		303	
70024		4	44018	1	90101	60	0+0	10000		304	
70025		4	44019	1	90101	100	0+0	10000		305	
70026		1	43011	1	90101	30	0+0	10000		101	
70027		1	43001	1	90101	30	0+0	10000		102	
70028		1	43021	1	90101	30	0+0	10000		103	
70029		1	43031	1	90101	30	0+0	10000		104	
70030		1	43013	1	90101	270	0+0	10000		105	
70031		1	43003	1	90101	270	0+0	10000		106	
70032		1	43023	1	90101	270	0+0	10000		107	
70033		1	43033	1	90101	270	0+0	10000		108	
70034		2	44006	1	90101	200	0+0	10000		210	
70035		2	44049	1	90101	100	0+0	10000		211	
70036		1	44070	1	90101	3	0+0	10000		109	
70040		3	44035	1	90101	1500	0+0	10000		6	
70041		1	44027	1	90101	10	0+0	10000		110	
70042		1	44028	1	90101	20	0+0	10000		111	
70043		1	44029	1	90101	60	0+0	10000		112	
70044		1	44030	1	90101	120	0+0	10000		113	
70045		1	44031	1	90101	12	0+0	10000		114	
70046		1	44032	1	90101	24	0+0	10000		115	
70047		1	44033	1	90101	72	0+0	10000		116	
70048		1	44034	1	90101	144	0+0	10000		117	
66031		3	54021	1	90101	720	1+0	10000		1	
66032		3	54022	1	90101	720	1+0	10000		2	
66033		3	54023	1	90101	720	1+0	10000		3	
66034		3	54024	1	90101	720	1+0	10000		4	
66035		3	54025	1	90101	720	1+0	10000		5	
66036		3	45003	1	90101	15	1+0	10000		6	
66037		3	45004	1	90101	22	1+0	10000		7	
66038		3	45008	1	90101	15	1+0	10000		8	
66039		3	45009	1	90101	22	1+0	10000		9	
66040		3	45013	1	90101	15	1+0	10000		10	
66041		3	45014	1	90101	22	1+0	10000		11	
66042		3	45018	1	90101	15	1+0	10000		12	
66043		3	45019	1	90101	22	1+0	10000		13	
66044		3	45101	1	90101	260	1+0	10000		14	
66045		3	44042	1	90101	150	1+0	10000		15	
66046		3	44046	1	90101	150	1+0	10000		16	
66047		3	44031	1	90101	12	1+0	10000		17	
66048		3	44032	1	90101	24	1+0	10000		18	
66049		3	44033	1	90101	72	1+0	10000		19	
66050		3	44034	1	90101	144	1+0	10000		20	
66051		3	44023	1	90101	13	1+0	10000		21	
66052		3	44024	1	90101	26	1+0	10000		22	
66053		3	44025	1	90101	78	1+0	10000		23	
66054		3	44026	1	90101	156	1+0	10000		24	
66055		3	44036	1	90101	15	1+0	10000		25	
66056		3	44037	1	90101	20	1+0	10000		26	
66057		3	44038	1	90101	100	1+0	10000		27	
66058		3	44039	1	90101	300	1+0	10000		28	
66059		3	44010	1	90101	100	1+0	10000		29	
66060		3	44011	1	90101	100	1+0	10000		30	
66061		3	44012	1	90101	100	1+0	10000		31	
66062		3	44013	1	90101	100	1+0	10000		32	
66063		3	44014	1	90101	200	1+0	10000		33	
66064		3	44015	1	90101	60	1+0	10000		34	
66065		3	44016	1	90101	60	1+0	10000		35	
66066		3	44017	1	90101	60	1+0	10000		36	
66067		3	44018	1	90101	60	1+0	10000		37	
66068		3	44019	1	90101	100	1+0	10000		38	
66069		3	41001	2	90101	6	1+0	10000		39	
66070		3	41002	5	90101	6	1+0	10000		40	
66071		3	41003	5	90101	6	1+0	10000		41	
66072		3	41004	5	90101	6	1+0	10000		42	
66073		3	41005	5	90101	6	1+0	10000		43	
66074		3	41006	5	90101	6	1+0	10000		44	
66075		3	41007	5	90101	6	1+0	10000		45	
66076		3	41008	5	90101	6	1+0	10000		46	
66077		3	41009	5	90101	6	1+0	10000		47	
66078		3	41010	5	90101	6	1+0	10000		48	
66079		3	41011	5	90101	6	1+0	10000		49	
66080		3	41012	5	90101	6	1+0	10000		50	
66081		3	41013	5	90101	6	1+0	10000		51	
66082		3	41014	5	90101	6	1+0	10000		52	
66083		3	41015	5	90101	6	1+0	10000		53	
66084		3	41016	5	90101	6	1+0	10000		54	
66085		3	41017	5	90101	6	1+0	10000		55	
66086		3	41018	5	90101	6	1+0	10000		56	
66087		3	41019	5	90101	6	1+0	10000		57	
66088		3	41020	5	90101	6	1+0	10000		58	
66089		3	41021	5	90101	6	1+0	10000		59	
66090		3	41022	5	90101	6	1+0	10000		60	
66091		3	41023	5	90101	6	1+0	10000		61	
66092		3	41024	5	90101	6	1+0	10000		62	
66093		3	41025	5	90101	6	1+0	10000		63	
66094		3	41026	5	90101	6	1+0	10000		64	
66095		3	41027	5	90101	6	1+0	10000		65	
66096		3	41028	5	90101	6	1+0	10000		66	
66097		3	41029	5	90101	6	1+0	10000		67	
66098		3	41030	5	90101	6	1+0	10000		68	
66099		3	41031	5	90101	6	1+0	10000		69	
66100		3	41032	5	90101	6	1+0	10000		70	
66101		3	41033	5	90101	6	1+0	10000		71	
66102		3	41034	5	90101	6	1+0	10000		72	
66103		3	41035	5	90101	6	1+0	10000		73	
66104		3	41036	5	90101	6	1+0	10000		74	
66105		3	41037	5	90101	6	1+0	10000		75	
66106		3	41038	5	90101	6	1+0	10000		76	
66107		3	41039	5	90101	6	1+0	10000		77	
66108		3	41040	5	90101	6	1+0	10000		78	
66109		3	41041	5	90101	6	1+0	10000		79	
66110		3	41042	5	90101	6	1+0	10000		80	
66111		3	41043	5	90101	6	1+0	10000		81	
66112		3	41044	5	90101	6	1+0	10000		82	
66113		3	41045	5	90101	6	1+0	10000		83	
66114		3	41046	5	90101	6	1+0	10000		84	
66115		3	41047	5	90101	6	1+0	10000		85	
66116		3	41048	5	90101	6	1+0	10000		86	
66117		3	41049	5	90101	6	1+0	10000		87	
66118		3	41050	5	90101	6	1+0	10000		88	
66119		3	41051	5	90101	6	1+0	10000		89	
66120		3	41052	5	90101	6	1+0	10000		90	
66121		3	41053	5	90101	6	1+0	10000		91	
66122		3	41054	5	90101	6	1+0	10000		92	
66123		3	41055	5	90101	6	1+0	10000		93	
66124		3	41056	5	90101	6	1+0	10000		94	
66125		3	41057	5	90101	6	1+0	10000		95	
66126		3	41058	5	90101	6	1+0	10000		96	
66127		3	41059	5	90101	6	1+0	10000		97	
66128		3	41060	5	90101	6	1+0	10000		98	
66129		3	41101	5	90101	6	1+0	10000		99	
66130		3	41102	5	90101	6	1+0	10000		100	
66131		3	41103	5	90101	6	1+0	10000		101	
66132		3	41104	5	90101	6	1+0	10000		102	
66133		3	41105	5	90101	6	1+0	10000		103	
66134		3	41106	5	90101	6	1+0	10000		104	
66135		3	41107	5	90101	6	1+0	10000		105	
66136		3	41108	5	90101	6	1+0	10000		106	
66137		3	41109	5	90101	6	1+0	10000		107	
66138		3	41110	5	90101	6	1+0	10000		108	
66139		3	41111	5	90101	6	1+0	10000		109	
66140		3	41112	5	90101	6	1+0	10000		110	
66141		3	41113	5	90101	6	1+0	10000		111	
66142		3	41114	5	90101	6	1+0	10000		112	
66143		3	41115	5	90101	6	1+0	10000		113	
66144		3	41116	5	90101	6	1+0	10000		114	
66145		3	41117	5	90101	6	1+0	10000		115	
66146		3	41118	5	90101	6	1+0	10000		116	
66147		3	41119	5	90101	6	1+0	10000		117	
66148		3	41120	5	90101	6	1+0	10000		118	
66149		3	41121	5	90101	6	1+0	10000		119	
66150		3	41122	5	90101	6	1+0	10000		120	
66151		3	41123	5	90101	6	1+0	10000		121	
66152		3	41124	5	90101	6	1+0	10000		122	
66153		3	41125	5	90101	6	1+0	10000		123	
66154		3	41126	5	90101	6	1+0	10000		124	
66155		3	41127	5	90101	6	1+0	10000		125	
66156		3	41128	5	90101	6	1+0	10000		126	
66157		3	41129	5	90101	6	1+0	10000		127	
66158		3	41130	5	90101	6	1+0	10000		128	
66159		3	45003	1	90001	75000	1+0	10000		129	
66160		3	45004	1	90001	110000	1+0	10000		130	
66161		3	45008	1	90001	75000	1+0	10000		131	
66162		3	45009	1	90001	110000	1+0	10000		132	
66163		3	45013	1	90001	75000	1+0	10000		133	
66164		3	45014	1	90001	110000	1+0	10000		134	
66165		3	45018	1	90001	75000	1+0	10000		135	
66166		3	45019	1	90001	110000	1+0	10000		136	
66167		3	45101	1	90001	1300000	1+0	10000		137	
66168		3	44042	1	90001	750000	1+0	10000		138	
66169		3	44046	1	90001	750000	1+0	10000		139	
66170		3	44031	1	90001	60000	1+0	10000		140	
66171		3	44032	1	90001	120000	1+0	10000		141	
66172		3	44033	1	90001	360000	1+0	10000		142	
66173		3	44034	1	90001	720000	1+0	10000		143	
66174		3	44023	1	90001	65000	1+0	10000		144	
66175		3	44024	1	90001	130000	1+0	10000		145	
66176		3	44025	1	90001	390000	1+0	10000		146	
66177		3	44026	1	90001	780000	1+0	10000		147	
66178		3	44036	1	90001	75000	1+0	10000		148	
66179		3	44037	1	90001	100000	1+0	10000		149	
66180		3	44010	1	90001	500000	1+0	10000		150	
66181		3	44011	1	90001	500000	1+0	10000		151	
66182		3	44012	1	90001	500000	1+0	10000		152	
66183		3	44013	1	90001	500000	1+0	10000		153	
66184		3	44014	1	90001	1000000	1+0	10000		154	
66185		3	44015	1	90001	300000	1+0	10000		155	
66186		3	44016	1	90001	300000	1+0	10000		156	
66187		3	44017	1	90001	300000	1+0	10000		157	
66188		3	44018	1	90001	300000	1+0	10000		158	
66189		3	44019	1	90001	500000	1+0	10000		159	
66190		3	41001	2	90001	30000	1+0	10000		160	
66191		3	41002	5	90001	30000	1+0	10000		161	
66192		3	41003	5	90001	30000	1+0	10000		162	
66193		3	41004	5	90001	30000	1+0	10000		163	
66194		3	41005	5	90001	30000	1+0	10000		164	
66195		3	41006	5	90001	30000	1+0	10000		165	
66196		3	41007	5	90001	30000	1+0	10000		166	
66197		3	41008	5	90001	30000	1+0	10000		167	
66198		3	41009	5	90001	30000	1+0	10000		168	
66199		3	41010	5	90001	30000	1+0	10000		169	
66200		3	41011	5	90001	30000	1+0	10000		170	
66201		3	41012	5	90001	30000	1+0	10000		171	
66202		3	41013	5	90001	30000	1+0	10000		172	
66203		3	41014	5	90001	30000	1+0	10000		173	
66204		3	41015	5	90001	30000	1+0	10000		174	
66205		3	41016	5	90001	30000	1+0	10000		175	
66206		3	41017	5	90001	30000	1+0	10000		176	
66207		3	41018	5	90001	30000	1+0	10000		177	
66208		3	41019	5	90001	30000	1+0	10000		178	
66209		3	41020	5	90001	30000	1+0	10000		179	
66210		3	41021	5	90001	30000	1+0	10000		180	
66211		3	41022	5	90001	30000	1+0	10000		181	
66212		3	41023	5	90001	30000	1+0	10000		182	
66213		3	41024	5	90001	30000	1+0	10000		183	
66214		3	41025	5	90001	30000	1+0	10000		184	
66215		3	41026	5	90001	30000	1+0	10000		185	
66216		3	41027	5	90001	30000	1+0	10000		186	
66217		3	41028	5	90001	30000	1+0	10000		187	
66218		3	41029	5	90001	30000	1+0	10000		188	
66219		3	41030	5	90001	30000	1+0	10000		189	
66220		3	41031	5	90001	30000	1+0	10000		190	
66221		3	41032	5	90001	30000	1+0	10000		191	
66222		3	41033	5	90001	30000	1+0	10000		192	
66223		3	41034	5	90001	30000	1+0	10000		193	
66224		3	41035	5	90001	30000	1+0	10000		194	
66225		3	41036	5	90001	30000	1+0	10000		195	
66226		3	41037	5	90001	30000	1+0	10000		196	
66227		3	41038	5	90001	30000	1+0	10000		197	
66228		3	41039	5	90001	30000	1+0	10000		198	
66229		3	41040	5	90001	30000	1+0	10000		199	
66230		3	41041	5	90001	30000	1+0	10000		200	
66231		3	41042	5	90001	30000	1+0	10000		201	
66232		3	41043	5	90001	30000	1+0	10000		202	
66233		3	41044	5	90001	30000	1+0	10000		203	
66234		3	41045	5	90001	30000	1+0	10000		204	
66235		3	41046	5	90001	30000	1+0	10000		205	
66236		3	41047	5	90001	30000	1+0	10000		206	
66237		3	41048	5	90001	30000	1+0	10000		207	
66238		3	41049	5	90001	30000	1+0	10000		208	
66239		3	41050	5	90001	30000	1+0	10000		209	
66240		3	41051	5	90001	30000	1+0	10000		210	
66241		3	41052	5	90001	30000	1+0	10000		211	
66242		3	41053	5	90001	30000	1+0	10000		212	
66243		3	41054	5	90001	30000	1+0	10000		213	
66244		3	41055	5	90001	30000	1+0	10000		214	
66245		3	41056	5	90001	30000	1+0	10000		215	
66246		3	41057	5	90001	30000	1+0	10000		216	
66247		3	41058	5	90001	30000	1+0	10000		217	
66248		3	41059	5	90001	30000	1+0	10000		218	
66249		3	41060	5	90001	30000	1+0	10000		219	
66250		3	41101	5	90001	30000	1+0	10000		220	
66251		3	41102	5	90001	30000	1+0	10000		221	
66252		3	41103	5	90001	30000	1+0	10000		222	
66253		3	41104	5	90001	30000	1+0	10000		223	
66254		3	41105	5	90001	30000	1+0	10000		224	
66255		3	41106	5	90001	30000	1+0	10000		225	
66256		3	41107	5	90001	30000	1+0	10000		226	
66257		3	41108	5	90001	30000	1+0	10000		227	
66258		3	41109	5	90001	30000	1+0	10000		228	
66259		3	41110	5	90001	30000	1+0	10000		229	
66260		3	41111	5	90001	30000	1+0	10000		230	
66261		3	41112	5	90001	30000	1+0	10000		231	
66262		3	41113	5	90001	30000	1+0	10000		232	
66263		3	41114	5	90001	30000	1+0	10000		233	
66264		3	41115	5	90001	30000	1+0	10000		234	
66265		3	41116	5	90001	30000	1+0	10000		235	
66266		3	41117	5	90001	30000	1+0	10000		236	
66267		3	41118	5	90001	30000	1+0	10000		237	
66268		3	41119	5	90001	30000	1+0	10000		238	
66269		3	41120	5	90001	30000	1+0	10000		239	
66270		3	41121	5	90001	30000	1+0	10000		240	
66271		3	41122	5	90001	30000	1+0	10000		241	
66272		3	41123	5	90001	30000	1+0	10000		242	
66273		3	41124	5	90001	30000	1+0	10000		243	
66274		3	41125	5	90001	30000	1+0	10000		244	
66275		3	41126	5	90001	30000	1+0	10000		245	
66276		3	41127	5	90001	30000	1+0	10000		246	
66277		3	41128	5	90001	30000	1+0	10000		247	
66278		3	41129	5	90001	30000	1+0	10000		248	
66279		3	41130	5	90001	30000	1+0	10000		249	
66280		3	45003	1	90003	75000	1+0	10000		250	
66281		3	45004	1	90003	110000	1+0	10000		251	
66282		3	45008	1	90003	75000	1+0	10000		252	
66283		3	45009	1	90003	110000	1+0	10000		253	
66284		3	45013	1	90003	75000	1+0	10000		254	
66285		3	45014	1	90003	110000	1+0	10000		255	
66286		3	45018	1	90003	75000	1+0	10000		256	
66287		3	45019	1	90003	110000	1+0	10000		257	
66288		3	45101	1	90003	1300000	1+0	10000		258	
66289		3	44042	1	90003	750000	1+0	10000		259	
66290		3	44046	1	90003	750000	1+0	10000		260	
66291		3	44031	1	90003	60000	1+0	10000		261	
66292		3	44032	1	90003	120000	1+0	10000		262	
66293		3	44033	1	90003	360000	1+0	10000		263	
66294		3	44034	1	90003	720000	1+0	10000		264	
66295		3	44023	1	90003	65000	1+0	10000		265	
66296		3	44024	1	90003	130000	1+0	10000		266	
66297		3	44025	1	90003	390000	1+0	10000		267	
66298		3	44026	1	90003	780000	1+0	10000		268	
66299		3	44036	1	90003	75000	1+0	10000		269	
66300		3	44037	1	90003	100000	1+0	10000		270	
66301		3	44010	1	90003	500000	1+0	10000		271	
66302		3	44011	1	90003	500000	1+0	10000		272	
66303		3	44012	1	90003	500000	1+0	10000		273	
66304		3	44013	1	90003	500000	1+0	10000		274	
66305		3	44014	1	90003	1000000	1+0	10000		275	
66306		3	44015	1	90003	300000	1+0	10000		276	
66307		3	44016	1	90003	300000	1+0	10000		277	
66308		3	44017	1	90003	300000	1+0	10000		278	
66309		3	44018	1	90003	300000	1+0	10000		279	
66310		3	44019	1	90003	500000	1+0	10000		280	
66311		3	41001	2	90003	30000	1+0	10000		281	
66312		3	41002	5	90003	30000	1+0	10000		282	
66313		3	41003	5	90003	30000	1+0	10000		283	
66314		3	41004	5	90003	30000	1+0	10000		284	
66315		3	41005	5	90003	30000	1+0	10000		285	
66316		3	41006	5	90003	30000	1+0	10000		286	
66317		3	41007	5	90003	30000	1+0	10000		287	
66318		3	41008	5	90003	30000	1+0	10000		288	
66319		3	41009	5	90003	30000	1+0	10000		289	
66320		3	41010	5	90003	30000	1+0	10000		290	
66321		3	41011	5	90003	30000	1+0	10000		291	
66322		3	41012	5	90003	30000	1+0	10000		292	
66323		3	41013	5	90003	30000	1+0	10000		293	
66324		3	41014	5	90003	30000	1+0	10000		294	
66325		3	41015	5	90003	30000	1+0	10000		295	
66326		3	41016	5	90003	30000	1+0	10000		296	
66327		3	41017	5	90003	30000	1+0	10000		297	
66328		3	41018	5	90003	30000	1+0	10000		298	
66329		3	41019	5	90003	30000	1+0	10000		299	
66330		3	41020	5	90003	30000	1+0	10000		300	
66331		3	41021	5	90003	30000	1+0	10000		301	
66332		3	41022	5	90003	30000	1+0	10000		302	
66333		3	41023	5	90003	30000	1+0	10000		303	
66334		3	41024	5	90003	30000	1+0	10000		304	
66335		3	41025	5	90003	30000	1+0	10000		305	
66336		3	41026	5	90003	30000	1+0	10000		306	
66337		3	41027	5	90003	30000	1+0	10000		307	
66338		3	41028	5	90003	30000	1+0	10000		308	
66339		3	41029	5	90003	30000	1+0	10000		309	
66340		3	41030	5	90003	30000	1+0	10000		310	
66341		3	41031	5	90003	30000	1+0	10000		311	
66342		3	41032	5	90003	30000	1+0	10000		312	
66343		3	41033	5	90003	30000	1+0	10000		313	
66344		3	41034	5	90003	30000	1+0	10000		314	
66345		3	41035	5	90003	30000	1+0	10000		315	
66346		3	41036	5	90003	30000	1+0	10000		316	
66347		3	41037	5	90003	30000	1+0	10000		317	
66348		3	41038	5	90003	30000	1+0	10000		318	
66349		3	41039	5	90003	30000	1+0	10000		319	
66350		3	41040	5	90003	30000	1+0	10000		320	
66351		3	41041	5	90003	30000	1+0	10000		321	
66352		3	41042	5	90003	30000	1+0	10000		322	
66353		3	41043	5	90003	30000	1+0	10000		323	
66354		3	41044	5	90003	30000	1+0	10000		324	
66355		3	41045	5	90003	30000	1+0	10000		325	
66356		3	41046	5	90003	30000	1+0	10000		326	
66357		3	41047	5	90003	30000	1+0	10000		327	
66358		3	41048	5	90003	30000	1+0	10000		328	
66359		3	41049	5	90003	30000	1+0	10000		329	
66360		3	41050	5	90003	30000	1+0	10000		330	
66361		3	41051	5	90003	30000	1+0	10000		331	
66362		3	41052	5	90003	30000	1+0	10000		332	
66363		3	41053	5	90003	30000	1+0	10000		333	
66364		3	41054	5	90003	30000	1+0	10000		334	
66365		3	41055	5	90003	30000	1+0	10000		335	
66366		3	41056	5	90003	30000	1+0	10000		336	
66367		3	41057	5	90003	30000	1+0	10000		337	
66368		3	41058	5	90003	30000	1+0	10000		338	
66369		3	41059	5	90003	30000	1+0	10000		339	
66370		3	41060	5	90003	30000	1+0	10000		340	
66371		3	41101	5	90003	30000	1+0	10000		341	
66372		3	41102	5	90003	30000	1+0	10000		342	
66373		3	41103	5	90003	30000	1+0	10000		343	
66374		3	41104	5	90003	30000	1+0	10000		344	
66375		3	41105	5	90003	30000	1+0	10000		345	
66376		3	41106	5	90003	30000	1+0	10000		346	
66377		3	41107	5	90003	30000	1+0	10000		347	
66378		3	41108	5	90003	30000	1+0	10000		348	
66379		3	41109	5	90003	30000	1+0	10000		349	
66380		3	41110	5	90003	30000	1+0	10000		350	
66381		3	41111	5	90003	30000	1+0	10000		351	
66382		3	41112	5	90003	30000	1+0	10000		352	
66383		3	41113	5	90003	30000	1+0	10000		353	
66384		3	41114	5	90003	30000	1+0	10000		354	
66385		3	41115	5	90003	30000	1+0	10000		355	
66386		3	41116	5	90003	30000	1+0	10000		356	
66387		3	41117	5	90003	30000	1+0	10000		357	
66388		3	41118	5	90003	30000	1+0	10000		358	
66389		3	41119	5	90003	30000	1+0	10000		359	
66390		3	41120	5	90003	30000	1+0	10000		360	
66391		3	41121	5	90003	30000	1+0	10000		361	
66392		3	41122	5	90003	30000	1+0	10000		362	
66393		3	41123	5	90003	30000	1+0	10000		363	
66394		3	41124	5	90003	30000	1+0	10000		364	
66395		3	41125	5	90003	30000	1+0	10000		365	
66396		3	41126	5	90003	30000	1+0	10000		366	
66397		3	41127	5	90003	30000	1+0	10000		367	
66398		3	41128	5	90003	30000	1+0	10000		368	
66399		3	41129	5	90003	30000	1+0	10000		369	
66400		3	41130	5	90003	30000	1+0	10000		370	
66401		3	45003	1	90002	75000	1+0	10000		371	
66402		3	45004	1	90002	110000	1+0	10000		372	
66403		3	45008	1	90002	75000	1+0	10000		373	
66404		3	45009	1	90002	110000	1+0	10000		374	
66405		3	45013	1	90002	75000	1+0	10000		375	
66406		3	45014	1	90002	110000	1+0	10000		376	
66407		3	45018	1	90002	75000	1+0	10000		377	
66408		3	45019	1	90002	110000	1+0	10000		378	
66409		3	45101	1	90002	1300000	1+0	10000		379	
66410		3	44042	1	90002	750000	1+0	10000		380	
66411		3	44046	1	90002	750000	1+0	10000		381	
66412		3	44031	1	90002	60000	1+0	10000		382	
66413		3	44032	1	90002	120000	1+0	10000		383	
66414		3	44033	1	90002	360000	1+0	10000		384	
66415		3	44034	1	90002	720000	1+0	10000		385	
66416		3	44023	1	90002	65000	1+0	10000		386	
66417		3	44024	1	90002	130000	1+0	10000		387	
66418		3	44025	1	90002	390000	1+0	10000		388	
66419		3	44026	1	90002	780000	1+0	10000		389	
66420		3	44036	1	90002	75000	1+0	10000		390	
66421		3	44037	1	90002	100000	1+0	10000		391	
66422		3	44010	1	90002	500000	1+0	10000		392	
66423		3	44011	1	90002	500000	1+0	10000		393	
66424		3	44012	1	90002	500000	1+0	10000		394	
66425		3	44013	1	90002	500000	1+0	10000		395	
66426		3	44014	1	90002	1000000	1+0	10000		396	
66427		3	44015	1	90002	300000	1+0	10000		397	
66428		3	44016	1	90002	300000	1+0	10000		398	
66429		3	44017	1	90002	300000	1+0	10000		399	
66430		3	44018	1	90002	300000	1+0	10000		400	
66431		3	44019	1	90002	500000	1+0	10000		401	
66432		3	41001	2	90002	30000	1+0	10000		402	
66433		3	41002	5	90002	30000	1+0	10000		403	
66434		3	41003	5	90002	30000	1+0	10000		404	
66435		3	41004	5	90002	30000	1+0	10000		405	
66436		3	41005	5	90002	30000	1+0	10000		406	
66437		3	41006	5	90002	30000	1+0	10000		407	
66438		3	41007	5	90002	30000	1+0	10000		408	
66439		3	41008	5	90002	30000	1+0	10000		409	
66440		3	41009	5	90002	30000	1+0	10000		410	
66441		3	41010	5	90002	30000	1+0	10000		411	
66442		3	41011	5	90002	30000	1+0	10000		412	
66443		3	41012	5	90002	30000	1+0	10000		413	
66444		3	41013	5	90002	30000	1+0	10000		414	
66445		3	41014	5	90002	30000	1+0	10000		415	
66446		3	41015	5	90002	30000	1+0	10000		416	
66447		3	41016	5	90002	30000	1+0	10000		417	
66448		3	41017	5	90002	30000	1+0	10000		418	
66449		3	41018	5	90002	30000	1+0	10000		419	
66450		3	41019	5	90002	30000	1+0	10000		420	
66451		3	41020	5	90002	30000	1+0	10000		421	
66452		3	41021	5	90002	30000	1+0	10000		422	
66453		3	41022	5	90002	30000	1+0	10000		423	
66454		3	41023	5	90002	30000	1+0	10000		424	
66455		3	41024	5	90002	30000	1+0	10000		425	
66456		3	41025	5	90002	30000	1+0	10000		426	
66457		3	41026	5	90002	30000	1+0	10000		427	
66458		3	41027	5	90002	30000	1+0	10000		428	
66459		3	41028	5	90002	30000	1+0	10000		429	
66460		3	41029	5	90002	30000	1+0	10000		430	
66461		3	41030	5	90002	30000	1+0	10000		431	
66462		3	41031	5	90002	30000	1+0	10000		432	
66463		3	41032	5	90002	30000	1+0	10000		433	
66464		3	41033	5	90002	30000	1+0	10000		434	
66465		3	41034	5	90002	30000	1+0	10000		435	
66466		3	41035	5	90002	30000	1+0	10000		436	
66467		3	41036	5	90002	30000	1+0	10000		437	
66468		3	41037	5	90002	30000	1+0	10000		438	
66469		3	41038	5	90002	30000	1+0	10000		439	
66470		3	41039	5	90002	30000	1+0	10000		440	
66471		3	41040	5	90002	30000	1+0	10000		441	
66472		3	41041	5	90002	30000	1+0	10000		442	
66473		3	41042	5	90002	30000	1+0	10000		443	
66474		3	41043	5	90002	30000	1+0	10000		444	
66475		3	41044	5	90002	30000	1+0	10000		445	
66476		3	41045	5	90002	30000	1+0	10000		446	
66477		3	41046	5	90002	30000	1+0	10000		447	
66478		3	41047	5	90002	30000	1+0	10000		448	
66479		3	41048	5	90002	30000	1+0	10000		449	
66480		3	41049	5	90002	30000	1+0	10000		450	
66481		3	41050	5	90002	30000	1+0	10000		451	
66482		3	41051	5	90002	30000	1+0	10000		452	
66483		3	41052	5	90002	30000	1+0	10000		453	
66484		3	41053	5	90002	30000	1+0	10000		454	
66485		3	41054	5	90002	30000	1+0	10000		455	
66486		3	41055	5	90002	30000	1+0	10000		456	
66487		3	41056	5	90002	30000	1+0	10000		457	
66488		3	41057	5	90002	30000	1+0	10000		458	
66489		3	41058	5	90002	30000	1+0	10000		459	
66490		3	41059	5	90002	30000	1+0	10000		460	
66491		3	41060	5	90002	30000	1+0	10000		461	
66492		3	41101	5	90002	30000	1+0	10000		462	
66493		3	41102	5	90002	30000	1+0	10000		463	
66494		3	41103	5	90002	30000	1+0	10000		464	
66495		3	41104	5	90002	30000	1+0	10000		465	
66496		3	41105	5	90002	30000	1+0	10000		466	
66497		3	41106	5	90002	30000	1+0	10000		467	
66498		3	41107	5	90002	30000	1+0	10000		468	
66499		3	41108	5	90002	30000	1+0	10000		469	
66500		3	41109	5	90002	30000	1+0	10000		470	
66501		3	41110	5	90002	30000	1+0	10000		471	
66502		3	41111	5	90002	30000	1+0	10000		472	
66503		3	41112	5	90002	30000	1+0	10000		473	
66504		3	41113	5	90002	30000	1+0	10000		474	
66505		3	41114	5	90002	30000	1+0	10000		475	
66506		3	41115	5	90002	30000	1+0	10000		476	
66507		3	41116	5	90002	30000	1+0	10000		477	
66508		3	41117	5	90002	30000	1+0	10000		478	
66509		3	41118	5	90002	30000	1+0	10000		479	
66510		3	41119	5	90002	30000	1+0	10000		480	
66511		3	41120	5	90002	30000	1+0	10000		481	
66512		3	41121	5	90002	30000	1+0	10000		482	
66513		3	41122	5	90002	30000	1+0	10000		483	
66514		3	41123	5	90002	30000	1+0	10000		484	
66515		3	41124	5	90002	30000	1+0	10000		485	
66516		3	41125	5	90002	30000	1+0	10000		486	
66517		3	41126	5	90002	30000	1+0	10000		487	
66518		3	41127	5	90002	30000	1+0	10000		488	
66519		3	41128	5	90002	30000	1+0	10000		489	
66520		3	41129	5	90002	30000	1+0	10000		490	
66521		3	41130	5	90002	30000	1+0	10000		491	
66522		3	54021	1	90101	720	1+0	8000		492	
66523		3	54022	1	90101	720	1+0	8000		493	
66524		3	54023	1	90101	720	1+0	8000		494	
66525		3	54024	1	90101	720	1+0	8000		495	
66526		3	54025	1	90101	720	1+0	8000		496	
66527		3	45003	1	90101	15	1+0	8000		497	
66528		3	45004	1	90101	22	1+0	8000		498	
66529		3	45008	1	90101	15	1+0	8000		499	
66530		3	45009	1	90101	22	1+0	8000		500	
66531		3	45013	1	90101	15	1+0	8000		501	
66532		3	45014	1	90101	22	1+0	8000		502	
66533		3	45018	1	90101	15	1+0	8000		503	
66534		3	45019	1	90101	22	1+0	8000		504	
66535		3	45101	1	90101	260	1+0	8000		505	
66536		3	44042	1	90101	150	1+0	8000		506	
66537		3	44046	1	90101	150	1+0	8000		507	
66538		3	44031	1	90101	12	1+0	8000		508	
66539		3	44032	1	90101	24	1+0	8000		509	
66540		3	44033	1	90101	72	1+0	8000		510	
66541		3	44034	1	90101	144	1+0	8000		511	
66542		3	44023	1	90101	13	1+0	8000		512	
66543		3	44024	1	90101	26	1+0	8000		513	
66544		3	44025	1	90101	78	1+0	8000		514	
66545		3	44026	1	90101	156	1+0	8000		515	
66546		3	44036	1	90101	15	1+0	8000		516	
66547		3	44037	1	90101	20	1+0	8000		517	
66548		3	44038	1	90101	100	1+0	8000		518	
66549		3	44039	1	90101	300	1+0	8000		519	
66550		3	44010	1	90101	100	1+0	8000		520	
66551		3	44011	1	90101	100	1+0	8000		521	
66552		3	44012	1	90101	100	1+0	8000		522	
66553		3	44013	1	90101	100	1+0	8000		523	
66554		3	44014	1	90101	200	1+0	8000		524	
66555		3	44015	1	90101	60	1+0	8000		525	
66556		3	44016	1	90101	60	1+0	8000		526	
66557		3	44017	1	90101	60	1+0	8000		527	
66558		3	44018	1	90101	60	1+0	8000		528	
66559		3	44019	1	90101	100	1+0	8000		529	
66560		3	41001	2	90101	6	1+0	8000		530	
66561		3	41002	5	90101	6	1+0	8000		531	
66562		3	41003	5	90101	6	1+0	8000		532	
66563		3	41004	5	90101	6	1+0	8000		533	
66564		3	41005	5	90101	6	1+0	8000		534	
66565		3	41006	5	90101	6	1+0	8000		535	
66566		3	41007	5	90101	6	1+0	8000		536	
66567		3	41008	5	90101	6	1+0	8000		537	
66568		3	41009	5	90101	6	1+0	8000		538	
66569		3	41010	5	90101	6	1+0	8000		539	
66570		3	41011	5	90101	6	1+0	8000		540	
66571		3	41012	5	90101	6	1+0	8000		541	
66572		3	41013	5	90101	6	1+0	8000		542	
66573		3	41014	5	90101	6	1+0	8000		543	
66574		3	41015	5	90101	6	1+0	8000		544	
66575		3	41016	5	90101	6	1+0	8000		545	
66576		3	41017	5	90101	6	1+0	8000		546	
66577		3	41018	5	90101	6	1+0	8000		547	
66578		3	41019	5	90101	6	1+0	8000		548	
66579		3	41020	5	90101	6	1+0	8000		549	
66580		3	41021	5	90101	6	1+0	8000		550	
66581		3	41022	5	90101	6	1+0	8000		551	
66582		3	41023	5	90101	6	1+0	8000		552	
66583		3	41024	5	90101	6	1+0	8000		553	
66584		3	41025	5	90101	6	1+0	8000		554	
66585		3	41026	5	90101	6	1+0	8000		555	
66586		3	41027	5	90101	6	1+0	8000		556	
66587		3	41028	5	90101	6	1+0	8000		557	
66588		3	41029	5	90101	6	1+0	8000		558	
66589		3	41030	5	90101	6	1+0	8000		559	
66590		3	41031	5	90101	6	1+0	8000		560	
66591		3	41032	5	90101	6	1+0	8000		561	
66592		3	41033	5	90101	6	1+0	8000		562	
66593		3	41034	5	90101	6	1+0	8000		563	
66594		3	41035	5	90101	6	1+0	8000		564	
66595		3	41036	5	90101	6	1+0	8000		565	
66596		3	41037	5	90101	6	1+0	8000		566	
66597		3	41038	5	90101	6	1+0	8000		567	
66598		3	41039	5	90101	6	1+0	8000		568	
66599		3	41040	5	90101	6	1+0	8000		569	
66600		3	41041	5	90101	6	1+0	8000		570	
66601		3	41042	5	90101	6	1+0	8000		571	
66602		3	41043	5	90101	6	1+0	8000		572	
66603		3	41044	5	90101	6	1+0	8000		573	
66604		3	41045	5	90101	6	1+0	8000		574	
66605		3	41046	5	90101	6	1+0	8000		575	
66606		3	41047	5	90101	6	1+0	8000		576	
66607		3	41048	5	90101	6	1+0	8000		577	
66608		3	41049	5	90101	6	1+0	8000		578	
66609		3	41050	5	90101	6	1+0	8000		579	
66610		3	41051	5	90101	6	1+0	8000		580	
66611		3	41052	5	90101	6	1+0	8000		581	
66612		3	41053	5	90101	6	1+0	8000		582	
66613		3	41054	5	90101	6	1+0	8000		583	
66614		3	41055	5	90101	6	1+0	8000		584	
66615		3	41056	5	90101	6	1+0	8000		585	
66616		3	41057	5	90101	6	1+0	8000		586	
66617		3	41058	5	90101	6	1+0	8000		587	
66618		3	41059	5	90101	6	1+0	8000		588	
66619		3	41060	5	90101	6	1+0	8000		589	
66620		3	41101	5	90101	6	1+0	8000		590	
66621		3	41102	5	90101	6	1+0	8000		591	
66622		3	41103	5	90101	6	1+0	8000		592	
66623		3	41104	5	90101	6	1+0	8000		593	
66624		3	41105	5	90101	6	1+0	8000		594	
66625		3	41106	5	90101	6	1+0	8000		595	
66626		3	41107	5	90101	6	1+0	8000		596	
66627		3	41108	5	90101	6	1+0	8000		597	
66628		3	41109	5	90101	6	1+0	8000		598	
66629		3	41110	5	90101	6	1+0	8000		599	
66630		3	41111	5	90101	6	1+0	8000		600	
66631		3	41112	5	90101	6	1+0	8000		601	
66632		3	41113	5	90101	6	1+0	8000		602	
66633		3	41114	5	90101	6	1+0	8000		603	
66634		3	41115	5	90101	6	1+0	8000		604	
66635		3	41116	5	90101	6	1+0	8000		605	
66636		3	41117	5	90101	6	1+0	8000		606	
66637		3	41118	5	90101	6	1+0	8000		607	
66638		3	41119	5	90101	6	1+0	8000		608	
66639		3	41120	5	90101	6	1+0	8000		609	
66640		3	41121	5	90101	6	1+0	8000		610	
66641		3	41122	5	90101	6	1+0	8000		611	
66642		3	41123	5	90101	6	1+0	8000		612	
66643		3	41124	5	90101	6	1+0	8000		613	
66644		3	41125	5	90101	6	1+0	8000		614	
66645		3	41126	5	90101	6	1+0	8000		615	
66646		3	41127	5	90101	6	1+0	8000		616	
66647		3	41128	5	90101	6	1+0	8000		617	
66648		3	41129	5	90101	6	1+0	8000		618	
66649		3	41130	5	90101	6	1+0	8000		619	
66650		3	45003	1	90001	75000	1+0	8000		620	
66651		3	45004	1	90001	110000	1+0	8000		621	
66652		3	45008	1	90001	75000	1+0	8000		622	
66653		3	45009	1	90001	110000	1+0	8000		623	
66654		3	45013	1	90001	75000	1+0	8000		624	
66655		3	45014	1	90001	110000	1+0	8000		625	
66656		3	45018	1	90001	75000	1+0	8000		626	
66657		3	45019	1	90001	110000	1+0	8000		627	
66658		3	45101	1	90001	1300000	1+0	8000		628	
66659		3	44042	1	90001	750000	1+0	8000		629	
66660		3	44046	1	90001	750000	1+0	8000		630	
66661		3	44031	1	90001	60000	1+0	8000		631	
66662		3	44032	1	90001	120000	1+0	8000		632	
66663		3	44033	1	90001	360000	1+0	8000		633	
66664		3	44034	1	90001	720000	1+0	8000		634	
66665		3	44023	1	90001	65000	1+0	8000		635	
66666		3	44024	1	90001	130000	1+0	8000		636	
66667		3	44025	1	90001	390000	1+0	8000		637	
66668		3	44026	1	90001	780000	1+0	8000		638	
66669		3	44036	1	90001	75000	1+0	8000		639	
66670		3	44037	1	90001	100000	1+0	8000		640	
66671		3	44010	1	90001	500000	1+0	8000		641	
66672		3	44011	1	90001	500000	1+0	8000		642	
66673		3	44012	1	90001	500000	1+0	8000		643	
66674		3	44013	1	90001	500000	1+0	8000		644	
66675		3	44014	1	90001	1000000	1+0	8000		645	
66676		3	44015	1	90001	300000	1+0	8000		646	
66677		3	44016	1	90001	300000	1+0	8000		647	
66678		3	44017	1	90001	300000	1+0	8000		648	
66679		3	44018	1	90001	300000	1+0	8000		649	
66680		3	44019	1	90001	500000	1+0	8000		650	
66681		3	41001	2	90001	30000	1+0	8000		651	
66682		3	41002	5	90001	30000	1+0	8000		652	
66683		3	41003	5	90001	30000	1+0	8000		653	
66684		3	41004	5	90001	30000	1+0	8000		654	
66685		3	41005	5	90001	30000	1+0	8000		655	
66686		3	41006	5	90001	30000	1+0	8000		656	
66687		3	41007	5	90001	30000	1+0	8000		657	
66688		3	41008	5	90001	30000	1+0	8000		658	
66689		3	41009	5	90001	30000	1+0	8000		659	
66690		3	41010	5	90001	30000	1+0	8000		660	
66691		3	41011	5	90001	30000	1+0	8000		661	
66692		3	41012	5	90001	30000	1+0	8000		662	
66693		3	41013	5	90001	30000	1+0	8000		663	
66694		3	41014	5	90001	30000	1+0	8000		664	
66695		3	41015	5	90001	30000	1+0	8000		665	
66696		3	41016	5	90001	30000	1+0	8000		666	
66697		3	41017	5	90001	30000	1+0	8000		667	
66698		3	41018	5	90001	30000	1+0	8000		668	
66699		3	41019	5	90001	30000	1+0	8000		669	
66700		3	41020	5	90001	30000	1+0	8000		670	
66701		3	41021	5	90001	30000	1+0	8000		671	
66702		3	41022	5	90001	30000	1+0	8000		672	
66703		3	41023	5	90001	30000	1+0	8000		673	
66704		3	41024	5	90001	30000	1+0	8000		674	
66705		3	41025	5	90001	30000	1+0	8000		675	
66706		3	41026	5	90001	30000	1+0	8000		676	
66707		3	41027	5	90001	30000	1+0	8000		677	
66708		3	41028	5	90001	30000	1+0	8000		678	
66709		3	41029	5	90001	30000	1+0	8000		679	
66710		3	41030	5	90001	30000	1+0	8000		680	
66711		3	41031	5	90001	30000	1+0	8000		681	
66712		3	41032	5	90001	30000	1+0	8000		682	
66713		3	41033	5	90001	30000	1+0	8000		683	
66714		3	41034	5	90001	30000	1+0	8000		684	
66715		3	41035	5	90001	30000	1+0	8000		685	
66716		3	41036	5	90001	30000	1+0	8000		686	
66717		3	41037	5	90001	30000	1+0	8000		687	
66718		3	41038	5	90001	30000	1+0	8000		688	
66719		3	41039	5	90001	30000	1+0	8000		689	
66720		3	41040	5	90001	30000	1+0	8000		690	
66721		3	41041	5	90001	30000	1+0	8000		691	
66722		3	41042	5	90001	30000	1+0	8000		692	
66723		3	41043	5	90001	30000	1+0	8000		693	
66724		3	41044	5	90001	30000	1+0	8000		694	
66725		3	41045	5	90001	30000	1+0	8000		695	
66726		3	41046	5	90001	30000	1+0	8000		696	
66727		3	41047	5	90001	30000	1+0	8000		697	
66728		3	41048	5	90001	30000	1+0	8000		698	
66729		3	41049	5	90001	30000	1+0	8000		699	
66730		3	41050	5	90001	30000	1+0	8000		700	
66731		3	41051	5	90001	30000	1+0	8000		701	
66732		3	41052	5	90001	30000	1+0	8000		702	
66733		3	41053	5	90001	30000	1+0	8000		703	
66734		3	41054	5	90001	30000	1+0	8000		704	
66735		3	41055	5	90001	30000	1+0	8000		705	
66736		3	41056	5	90001	30000	1+0	8000		706	
66737		3	41057	5	90001	30000	1+0	8000		707	
66738		3	41058	5	90001	30000	1+0	8000		708	
66739		3	41059	5	90001	30000	1+0	8000		709	
66740		3	41060	5	90001	30000	1+0	8000		710	
66741		3	41101	5	90001	30000	1+0	8000		711	
66742		3	41102	5	90001	30000	1+0	8000		712	
66743		3	41103	5	90001	30000	1+0	8000		713	
66744		3	41104	5	90001	30000	1+0	8000		714	
66745		3	41105	5	90001	30000	1+0	8000		715	
66746		3	41106	5	90001	30000	1+0	8000		716	
66747		3	41107	5	90001	30000	1+0	8000		717	
66748		3	41108	5	90001	30000	1+0	8000		718	
66749		3	41109	5	90001	30000	1+0	8000		719	
66750		3	41110	5	90001	30000	1+0	8000		720	
66751		3	41111	5	90001	30000	1+0	8000		721	
66752		3	41112	5	90001	30000	1+0	8000		722	
66753		3	41113	5	90001	30000	1+0	8000		723	
66754		3	41114	5	90001	30000	1+0	8000		724	
66755		3	41115	5	90001	30000	1+0	8000		725	
66756		3	41116	5	90001	30000	1+0	8000		726	
66757		3	41117	5	90001	30000	1+0	8000		727	
66758		3	41118	5	90001	30000	1+0	8000		728	
66759		3	41119	5	90001	30000	1+0	8000		729	
66760		3	41120	5	90001	30000	1+0	8000		730	
66761		3	41121	5	90001	30000	1+0	8000		731	
66762		3	41122	5	90001	30000	1+0	8000		732	
66763		3	41123	5	90001	30000	1+0	8000		733	
66764		3	41124	5	90001	30000	1+0	8000		734	
66765		3	41125	5	90001	30000	1+0	8000		735	
66766		3	41126	5	90001	30000	1+0	8000		736	
66767		3	41127	5	90001	30000	1+0	8000		737	
66768		3	41128	5	90001	30000	1+0	8000		738	
66769		3	41129	5	90001	30000	1+0	8000		739	
66770		3	41130	5	90001	30000	1+0	8000		740	
66771		3	45003	1	90003	75000	1+0	8000		741	
66772		3	45004	1	90003	110000	1+0	8000		742	
66773		3	45008	1	90003	75000	1+0	8000		743	
66774		3	45009	1	90003	110000	1+0	8000		744	
66775		3	45013	1	90003	75000	1+0	8000		745	
66776		3	45014	1	90003	110000	1+0	8000		746	
66777		3	45018	1	90003	75000	1+0	8000		747	
66778		3	45019	1	90003	110000	1+0	8000		748	
66779		3	45101	1	90003	1300000	1+0	8000		749	
66780		3	44042	1	90003	750000	1+0	8000		750	
66781		3	44046	1	90003	750000	1+0	8000		751	
66782		3	44031	1	90003	60000	1+0	8000		752	
66783		3	44032	1	90003	120000	1+0	8000		753	
66784		3	44033	1	90003	360000	1+0	8000		754	
66785		3	44034	1	90003	720000	1+0	8000		755	
66786		3	44023	1	90003	65000	1+0	8000		756	
66787		3	44024	1	90003	130000	1+0	8000		757	
66788		3	44025	1	90003	390000	1+0	8000		758	
66789		3	44026	1	90003	780000	1+0	8000		759	
66790		3	44036	1	90003	75000	1+0	8000		760	
66791		3	44037	1	90003	100000	1+0	8000		761	
66792		3	44010	1	90003	500000	1+0	8000		762	
66793		3	44011	1	90003	500000	1+0	8000		763	
66794		3	44012	1	90003	500000	1+0	8000		764	
66795		3	44013	1	90003	500000	1+0	8000		765	
66796		3	44014	1	90003	1000000	1+0	8000		766	
66797		3	44015	1	90003	300000	1+0	8000		767	
66798		3	44016	1	90003	300000	1+0	8000		768	
66799		3	44017	1	90003	300000	1+0	8000		769	
66800		3	44018	1	90003	300000	1+0	8000		770	
66801		3	44019	1	90003	500000	1+0	8000		771	
66802		3	41001	2	90003	30000	1+0	8000		772	
66803		3	41002	5	90003	30000	1+0	8000		773	
66804		3	41003	5	90003	30000	1+0	8000		774	
66805		3	41004	5	90003	30000	1+0	8000		775	
66806		3	41005	5	90003	30000	1+0	8000		776	
66807		3	41006	5	90003	30000	1+0	8000		777	
66808		3	41007	5	90003	30000	1+0	8000		778	
66809		3	41008	5	90003	30000	1+0	8000		779	
66810		3	41009	5	90003	30000	1+0	8000		780	
66811		3	41010	5	90003	30000	1+0	8000		781	
66812		3	41011	5	90003	30000	1+0	8000		782	
66813		3	41012	5	90003	30000	1+0	8000		783	
66814		3	41013	5	90003	30000	1+0	8000		784	
66815		3	41014	5	90003	30000	1+0	8000		785	
66816		3	41015	5	90003	30000	1+0	8000		786	
66817		3	41016	5	90003	30000	1+0	8000		787	
66818		3	41017	5	90003	30000	1+0	8000		788	
66819		3	41018	5	90003	30000	1+0	8000		789	
66820		3	41019	5	90003	30000	1+0	8000		790	
66821		3	41020	5	90003	30000	1+0	8000		791	
66822		3	41021	5	90003	30000	1+0	8000		792	
66823		3	41022	5	90003	30000	1+0	8000		793	
66824		3	41023	5	90003	30000	1+0	8000		794	
66825		3	41024	5	90003	30000	1+0	8000		795	
66826		3	41025	5	90003	30000	1+0	8000		796	
66827		3	41026	5	90003	30000	1+0	8000		797	
66828		3	41027	5	90003	30000	1+0	8000		798	
66829		3	41028	5	90003	30000	1+0	8000		799	
66830		3	41029	5	90003	30000	1+0	8000		800	
66831		3	41030	5	90003	30000	1+0	8000		801	
66832		3	41031	5	90003	30000	1+0	8000		802	
66833		3	41032	5	90003	30000	1+0	8000		803	
66834		3	41033	5	90003	30000	1+0	8000		804	
66835		3	41034	5	90003	30000	1+0	8000		805	
66836		3	41035	5	90003	30000	1+0	8000		806	
66837		3	41036	5	90003	30000	1+0	8000		807	
66838		3	41037	5	90003	30000	1+0	8000		808	
66839		3	41038	5	90003	30000	1+0	8000		809	
66840		3	41039	5	90003	30000	1+0	8000		810	
66841		3	41040	5	90003	30000	1+0	8000		811	
66842		3	41041	5	90003	30000	1+0	8000		812	
66843		3	41042	5	90003	30000	1+0	8000		813	
66844		3	41043	5	90003	30000	1+0	8000		814	
66845		3	41044	5	90003	30000	1+0	8000		815	
66846		3	41045	5	90003	30000	1+0	8000		816	
66847		3	41046	5	90003	30000	1+0	8000		817	
66848		3	41047	5	90003	30000	1+0	8000		818	
66849		3	41048	5	90003	30000	1+0	8000		819	
66850		3	41049	5	90003	30000	1+0	8000		820	
66851		3	41050	5	90003	30000	1+0	8000		821	
66852		3	41051	5	90003	30000	1+0	8000		822	
66853		3	41052	5	90003	30000	1+0	8000		823	
66854		3	41053	5	90003	30000	1+0	8000		824	
66855		3	41054	5	90003	30000	1+0	8000		825	
66856		3	41055	5	90003	30000	1+0	8000		826	
66857		3	41056	5	90003	30000	1+0	8000		827	
66858		3	41057	5	90003	30000	1+0	8000		828	
66859		3	41058	5	90003	30000	1+0	8000		829	
66860		3	41059	5	90003	30000	1+0	8000		830	
66861		3	41060	5	90003	30000	1+0	8000		831	
66862		3	41101	5	90003	30000	1+0	8000		832	
66863		3	41102	5	90003	30000	1+0	8000		833	
66864		3	41103	5	90003	30000	1+0	8000		834	
66865		3	41104	5	90003	30000	1+0	8000		835	
66866		3	41105	5	90003	30000	1+0	8000		836	
66867		3	41106	5	90003	30000	1+0	8000		837	
66868		3	41107	5	90003	30000	1+0	8000		838	
66869		3	41108	5	90003	30000	1+0	8000		839	
66870		3	41109	5	90003	30000	1+0	8000		840	
66871		3	41110	5	90003	30000	1+0	8000		841	
66872		3	41111	5	90003	30000	1+0	8000		842	
66873		3	41112	5	90003	30000	1+0	8000		843	
66874		3	41113	5	90003	30000	1+0	8000		844	
66875		3	41114	5	90003	30000	1+0	8000		845	
66876		3	41115	5	90003	30000	1+0	8000		846	
66877		3	41116	5	90003	30000	1+0	8000		847	
66878		3	41117	5	90003	30000	1+0	8000		848	
66879		3	41118	5	90003	30000	1+0	8000		849	
66880		3	41119	5	90003	30000	1+0	8000		850	
66881		3	41120	5	90003	30000	1+0	8000		851	
66882		3	41121	5	90003	30000	1+0	8000		852	
66883		3	41122	5	90003	30000	1+0	8000		853	
66884		3	41123	5	90003	30000	1+0	8000		854	
66885		3	41124	5	90003	30000	1+0	8000		855	
66886		3	41125	5	90003	30000	1+0	8000		856	
66887		3	41126	5	90003	30000	1+0	8000		857	
66888		3	41127	5	90003	30000	1+0	8000		858	
66889		3	41128	5	90003	30000	1+0	8000		859	
66890		3	41129	5	90003	30000	1+0	8000		860	
66891		3	41130	5	90003	30000	1+0	8000		861	
66892		3	45003	1	90002	75000	1+0	8000		862	
66893		3	45004	1	90002	110000	1+0	8000		863	
66894		3	45008	1	90002	75000	1+0	8000		864	
66895		3	45009	1	90002	110000	1+0	8000		865	
66896		3	45013	1	90002	75000	1+0	8000		866	
66897		3	45014	1	90002	110000	1+0	8000		867	
66898		3	45018	1	90002	75000	1+0	8000		868	
66899		3	45019	1	90002	110000	1+0	8000		869	
66900		3	45101	1	90002	1300000	1+0	8000		870	
66901		3	44042	1	90002	750000	1+0	8000		871	
66902		3	44046	1	90002	750000	1+0	8000		872	
66903		3	44031	1	90002	60000	1+0	8000		873	
66904		3	44032	1	90002	120000	1+0	8000		874	
66905		3	44033	1	90002	360000	1+0	8000		875	
66906		3	44034	1	90002	720000	1+0	8000		876	
66907		3	44023	1	90002	65000	1+0	8000		877	
66908		3	44024	1	90002	130000	1+0	8000		878	
66909		3	44025	1	90002	390000	1+0	8000		879	
66910		3	44026	1	90002	780000	1+0	8000		880	
66911		3	44036	1	90002	75000	1+0	8000		881	
66912		3	44037	1	90002	100000	1+0	8000		882	
66913		3	44010	1	90002	500000	1+0	8000		883	
66914		3	44011	1	90002	500000	1+0	8000		884	
66915		3	44012	1	90002	500000	1+0	8000		885	
66916		3	44013	1	90002	500000	1+0	8000		886	
66917		3	44014	1	90002	1000000	1+0	8000		887	
66918		3	44015	1	90002	300000	1+0	8000		888	
66919		3	44016	1	90002	300000	1+0	8000		889	
66920		3	44017	1	90002	300000	1+0	8000		890	
66921		3	44018	1	90002	300000	1+0	8000		891	
66922		3	44019	1	90002	500000	1+0	8000		892	
66923		3	41001	2	90002	30000	1+0	8000		893	
66924		3	41002	5	90002	30000	1+0	8000		894	
66925		3	41003	5	90002	30000	1+0	8000		895	
66926		3	41004	5	90002	30000	1+0	8000		896	
66927		3	41005	5	90002	30000	1+0	8000		897	
66928		3	41006	5	90002	30000	1+0	8000		898	
66929		3	41007	5	90002	30000	1+0	8000		899	
66930		3	41008	5	90002	30000	1+0	8000		900	
66931		3	41009	5	90002	30000	1+0	8000		901	
66932		3	41010	5	90002	30000	1+0	8000		902	
66933		3	41011	5	90002	30000	1+0	8000		903	
66934		3	41012	5	90002	30000	1+0	8000		904	
66935		3	41013	5	90002	30000	1+0	8000		905	
66936		3	41014	5	90002	30000	1+0	8000		906	
66937		3	41015	5	90002	30000	1+0	8000		907	
66938		3	41016	5	90002	30000	1+0	8000		908	
66939		3	41017	5	90002	30000	1+0	8000		909	
66940		3	41018	5	90002	30000	1+0	8000		910	
66941		3	41019	5	90002	30000	1+0	8000		911	
66942		3	41020	5	90002	30000	1+0	8000		912	
66943		3	41021	5	90002	30000	1+0	8000		913	
66944		3	41022	5	90002	30000	1+0	8000		914	
66945		3	41023	5	90002	30000	1+0	8000		915	
66946		3	41024	5	90002	30000	1+0	8000		916	
66947		3	41025	5	90002	30000	1+0	8000		917	
66948		3	41026	5	90002	30000	1+0	8000		918	
66949		3	41027	5	90002	30000	1+0	8000		919	
66950		3	41028	5	90002	30000	1+0	8000		920	
66951		3	41029	5	90002	30000	1+0	8000		921	
66952		3	41030	5	90002	30000	1+0	8000		922	
66953		3	41031	5	90002	30000	1+0	8000		923	
66954		3	41032	5	90002	30000	1+0	8000		924	
66955		3	41033	5	90002	30000	1+0	8000		925	
66956		3	41034	5	90002	30000	1+0	8000		926	
66957		3	41035	5	90002	30000	1+0	8000		927	
66958		3	41036	5	90002	30000	1+0	8000		928	
66959		3	41037	5	90002	30000	1+0	8000		929	
66960		3	41038	5	90002	30000	1+0	8000		930	
66961		3	41039	5	90002	30000	1+0	8000		931	
66962		3	41040	5	90002	30000	1+0	8000		932	
66963		3	41041	5	90002	30000	1+0	8000		933	
66964		3	41042	5	90002	30000	1+0	8000		934	
66965		3	41043	5	90002	30000	1+0	8000		935	
66966		3	41044	5	90002	30000	1+0	8000		936	
66967		3	41045	5	90002	30000	1+0	8000		937	
66968		3	41046	5	90002	30000	1+0	8000		938	
66969		3	41047	5	90002	30000	1+0	8000		939	
66970		3	41048	5	90002	30000	1+0	8000		940	
66971		3	41049	5	90002	30000	1+0	8000		941	
66972		3	41050	5	90002	30000	1+0	8000		942	
66973		3	41051	5	90002	30000	1+0	8000		943	
66974		3	41052	5	90002	30000	1+0	8000		944	
66975		3	41053	5	90002	30000	1+0	8000		945	
66976		3	41054	5	90002	30000	1+0	8000		946	
66977		3	41055	5	90002	30000	1+0	8000		947	
66978		3	41056	5	90002	30000	1+0	8000		948	
66979		3	41057	5	90002	30000	1+0	8000		949	
66980		3	41058	5	90002	30000	1+0	8000		950	
66981		3	41059	5	90002	30000	1+0	8000		951	
66982		3	41060	5	90002	30000	1+0	8000		952	
66983		3	41101	5	90002	30000	1+0	8000		953	
66984		3	41102	5	90002	30000	1+0	8000		954	
66985		3	41103	5	90002	30000	1+0	8000		955	
66986		3	41104	5	90002	30000	1+0	8000		956	
66987		3	41105	5	90002	30000	1+0	8000		957	
66988		3	41106	5	90002	30000	1+0	8000		958	
66989		3	41107	5	90002	30000	1+0	8000		959	
66990		3	41108	5	90002	30000	1+0	8000		960	
66991		3	41109	5	90002	30000	1+0	8000		961	
66992		3	41110	5	90002	30000	1+0	8000		962	
66993		3	41111	5	90002	30000	1+0	8000		963	
66994		3	41112	5	90002	30000	1+0	8000		964	
66995		3	41113	5	90002	30000	1+0	8000		965	
66996		3	41114	5	90002	30000	1+0	8000		966	
66997		3	41115	5	90002	30000	1+0	8000		967	
66998		3	41116	5	90002	30000	1+0	8000		968	
66999		3	41117	5	90002	30000	1+0	8000		969	
67000		3	41118	5	90002	30000	1+0	8000		970	
67001		3	41119	5	90002	30000	1+0	8000		971	
67002		3	41120	5	90002	30000	1+0	8000		972	
67003		3	41121	5	90002	30000	1+0	8000		973	
67004		3	41122	5	90002	30000	1+0	8000		974	
67005		3	41123	5	90002	30000	1+0	8000		975	
67006		3	41124	5	90002	30000	1+0	8000		976	
67007		3	41125	5	90002	30000	1+0	8000		977	
67008		3	41126	5	90002	30000	1+0	8000		978	
67009		3	41127	5	90002	30000	1+0	8000		979	
67010		3	41128	5	90002	30000	1+0	8000		980	
67011		3	41129	5	90002	30000	1+0	8000		981	
67012		3	41130	5	90002	30000	1+0	8000		982	
67013		3	54021	1	90101	720	1+0	6000		983	
67014		3	54022	1	90101	720	1+0	6000		984	
67015		3	54023	1	90101	720	1+0	6000		985	
67016		3	54024	1	90101	720	1+0	6000		986	
67017		3	54025	1	90101	720	1+0	6000		987	
67018		3	45003	1	90101	15	1+0	6000		988	
67019		3	45004	1	90101	22	1+0	6000		989	
67020		3	45008	1	90101	15	1+0	6000		990	
67021		3	45009	1	90101	22	1+0	6000		991	
67022		3	45013	1	90101	15	1+0	6000		992	
67023		3	45014	1	90101	22	1+0	6000		993	
67024		3	45018	1	90101	15	1+0	6000		994	
67025		3	45019	1	90101	22	1+0	6000		995	
67026		3	45101	1	90101	260	1+0	6000		996	
67027		3	44042	1	90101	150	1+0	6000		997	
67028		3	44046	1	90101	150	1+0	6000		998	
67029		3	44031	1	90101	12	1+0	6000		999	
67030		3	44032	1	90101	24	1+0	6000		1000	
67031		3	44033	1	90101	72	1+0	6000		1001	
67032		3	44034	1	90101	144	1+0	6000		1002	
67033		3	44023	1	90101	13	1+0	6000		1003	
67034		3	44024	1	90101	26	1+0	6000		1004	
67035		3	44025	1	90101	78	1+0	6000		1005	
67036		3	44026	1	90101	156	1+0	6000		1006	
67037		3	44036	1	90101	15	1+0	6000		1007	
67038		3	44037	1	90101	20	1+0	6000		1008	
67039		3	44038	1	90101	100	1+0	6000		1009	
67040		3	44039	1	90101	300	1+0	6000		1010	
67041		3	44010	1	90101	100	1+0	6000		1011	
67042		3	44011	1	90101	100	1+0	6000		1012	
67043		3	44012	1	90101	100	1+0	6000		1013	
67044		3	44013	1	90101	100	1+0	6000		1014	
67045		3	44014	1	90101	200	1+0	6000		1015	
67046		3	44015	1	90101	60	1+0	6000		1016	
67047		3	44016	1	90101	60	1+0	6000		1017	
67048		3	44017	1	90101	60	1+0	6000		1018	
67049		3	44018	1	90101	60	1+0	6000		1019	
67050		3	44019	1	90101	100	1+0	6000		1020	
67051		3	41001	2	90101	6	1+0	6000		1021	
67052		3	41002	5	90101	6	1+0	6000		1022	
67053		3	41003	5	90101	6	1+0	6000		1023	
67054		3	41004	5	90101	6	1+0	6000		1024	
67055		3	41005	5	90101	6	1+0	6000		1025	
67056		3	41006	5	90101	6	1+0	6000		1026	
67057		3	41007	5	90101	6	1+0	6000		1027	
67058		3	41008	5	90101	6	1+0	6000		1028	
67059		3	41009	5	90101	6	1+0	6000		1029	
67060		3	41010	5	90101	6	1+0	6000		1030	
67061		3	41011	5	90101	6	1+0	6000		1031	
67062		3	41012	5	90101	6	1+0	6000		1032	
67063		3	41013	5	90101	6	1+0	6000		1033	
67064		3	41014	5	90101	6	1+0	6000		1034	
67065		3	41015	5	90101	6	1+0	6000		1035	
67066		3	41016	5	90101	6	1+0	6000		1036	
67067		3	41017	5	90101	6	1+0	6000		1037	
67068		3	41018	5	90101	6	1+0	6000		1038	
67069		3	41019	5	90101	6	1+0	6000		1039	
67070		3	41020	5	90101	6	1+0	6000		1040	
67071		3	41021	5	90101	6	1+0	6000		1041	
67072		3	41022	5	90101	6	1+0	6000		1042	
67073		3	41023	5	90101	6	1+0	6000		1043	
67074		3	41024	5	90101	6	1+0	6000		1044	
67075		3	41025	5	90101	6	1+0	6000		1045	
67076		3	41026	5	90101	6	1+0	6000		1046	
67077		3	41027	5	90101	6	1+0	6000		1047	
67078		3	41028	5	90101	6	1+0	6000		1048	
67079		3	41029	5	90101	6	1+0	6000		1049	
67080		3	41030	5	90101	6	1+0	6000		1050	
67081		3	41031	5	90101	6	1+0	6000		1051	
67082		3	41032	5	90101	6	1+0	6000		1052	
67083		3	41033	5	90101	6	1+0	6000		1053	
67084		3	41034	5	90101	6	1+0	6000		1054	
67085		3	41035	5	90101	6	1+0	6000		1055	
67086		3	41036	5	90101	6	1+0	6000		1056	
67087		3	41037	5	90101	6	1+0	6000		1057	
67088		3	41038	5	90101	6	1+0	6000		1058	
67089		3	41039	5	90101	6	1+0	6000		1059	
67090		3	41040	5	90101	6	1+0	6000		1060	
67091		3	41041	5	90101	6	1+0	6000		1061	
67092		3	41042	5	90101	6	1+0	6000		1062	
67093		3	41043	5	90101	6	1+0	6000		1063	
67094		3	41044	5	90101	6	1+0	6000		1064	
67095		3	41045	5	90101	6	1+0	6000		1065	
67096		3	41046	5	90101	6	1+0	6000		1066	
67097		3	41047	5	90101	6	1+0	6000		1067	
67098		3	41048	5	90101	6	1+0	6000		1068	
67099		3	41049	5	90101	6	1+0	6000		1069	
67100		3	41050	5	90101	6	1+0	6000		1070	
67101		3	41051	5	90101	6	1+0	6000		1071	
67102		3	41052	5	90101	6	1+0	6000		1072	
67103		3	41053	5	90101	6	1+0	6000		1073	
67104		3	41054	5	90101	6	1+0	6000		1074	
67105		3	41055	5	90101	6	1+0	6000		1075	
67106		3	41056	5	90101	6	1+0	6000		1076	
67107		3	41057	5	90101	6	1+0	6000		1077	
67108		3	41058	5	90101	6	1+0	6000		1078	
67109		3	41059	5	90101	6	1+0	6000		1079	
67110		3	41060	5	90101	6	1+0	6000		1080	
67111		3	41101	5	90101	6	1+0	6000		1081	
67112		3	41102	5	90101	6	1+0	6000		1082	
67113		3	41103	5	90101	6	1+0	6000		1083	
67114		3	41104	5	90101	6	1+0	6000		1084	
67115		3	41105	5	90101	6	1+0	6000		1085	
67116		3	41106	5	90101	6	1+0	6000		1086	
67117		3	41107	5	90101	6	1+0	6000		1087	
67118		3	41108	5	90101	6	1+0	6000		1088	
67119		3	41109	5	90101	6	1+0	6000		1089	
67120		3	41110	5	90101	6	1+0	6000		1090	
67121		3	41111	5	90101	6	1+0	6000		1091	
67122		3	41112	5	90101	6	1+0	6000		1092	
67123		3	41113	5	90101	6	1+0	6000		1093	
67124		3	41114	5	90101	6	1+0	6000		1094	
67125		3	41115	5	90101	6	1+0	6000		1095	
67126		3	41116	5	90101	6	1+0	6000		1096	
67127		3	41117	5	90101	6	1+0	6000		1097	
67128		3	41118	5	90101	6	1+0	6000		1098	
67129		3	41119	5	90101	6	1+0	6000		1099	
67130		3	41120	5	90101	6	1+0	6000		1100	
67131		3	41121	5	90101	6	1+0	6000		1101	
67132		3	41122	5	90101	6	1+0	6000		1102	
67133		3	41123	5	90101	6	1+0	6000		1103	
67134		3	41124	5	90101	6	1+0	6000		1104	
67135		3	41125	5	90101	6	1+0	6000		1105	
67136		3	41126	5	90101	6	1+0	6000		1106	
67137		3	41127	5	90101	6	1+0	6000		1107	
67138		3	41128	5	90101	6	1+0	6000		1108	
67139		3	41129	5	90101	6	1+0	6000		1109	
67140		3	41130	5	90101	6	1+0	6000		1110	
67141		3	45003	1	90001	75000	1+0	6000		1111	
67142		3	45004	1	90001	110000	1+0	6000		1112	
67143		3	45008	1	90001	75000	1+0	6000		1113	
67144		3	45009	1	90001	110000	1+0	6000		1114	
67145		3	45013	1	90001	75000	1+0	6000		1115	
67146		3	45014	1	90001	110000	1+0	6000		1116	
67147		3	45018	1	90001	75000	1+0	6000		1117	
67148		3	45019	1	90001	110000	1+0	6000		1118	
67149		3	45101	1	90001	1300000	1+0	6000		1119	
67150		3	44042	1	90001	750000	1+0	6000		1120	
67151		3	44046	1	90001	750000	1+0	6000		1121	
67152		3	44031	1	90001	60000	1+0	6000		1122	
67153		3	44032	1	90001	120000	1+0	6000		1123	
67154		3	44033	1	90001	360000	1+0	6000		1124	
67155		3	44034	1	90001	720000	1+0	6000		1125	
67156		3	44023	1	90001	65000	1+0	6000		1126	
67157		3	44024	1	90001	130000	1+0	6000		1127	
67158		3	44025	1	90001	390000	1+0	6000		1128	
67159		3	44026	1	90001	780000	1+0	6000		1129	
67160		3	44036	1	90001	75000	1+0	6000		1130	
67161		3	44037	1	90001	100000	1+0	6000		1131	
67162		3	44010	1	90001	500000	1+0	6000		1132	
67163		3	44011	1	90001	500000	1+0	6000		1133	
67164		3	44012	1	90001	500000	1+0	6000		1134	
67165		3	44013	1	90001	500000	1+0	6000		1135	
67166		3	44014	1	90001	1000000	1+0	6000		1136	
67167		3	44015	1	90001	300000	1+0	6000		1137	
67168		3	44016	1	90001	300000	1+0	6000		1138	
67169		3	44017	1	90001	300000	1+0	6000		1139	
67170		3	44018	1	90001	300000	1+0	6000		1140	
67171		3	44019	1	90001	500000	1+0	6000		1141	
67172		3	41001	2	90001	30000	1+0	6000		1142	
67173		3	41002	5	90001	30000	1+0	6000		1143	
67174		3	41003	5	90001	30000	1+0	6000		1144	
67175		3	41004	5	90001	30000	1+0	6000		1145	
67176		3	41005	5	90001	30000	1+0	6000		1146	
67177		3	41006	5	90001	30000	1+0	6000		1147	
67178		3	41007	5	90001	30000	1+0	6000		1148	
67179		3	41008	5	90001	30000	1+0	6000		1149	
67180		3	41009	5	90001	30000	1+0	6000		1150	
67181		3	41010	5	90001	30000	1+0	6000		1151	
67182		3	41011	5	90001	30000	1+0	6000		1152	
67183		3	41012	5	90001	30000	1+0	6000		1153	
67184		3	41013	5	90001	30000	1+0	6000		1154	
67185		3	41014	5	90001	30000	1+0	6000		1155	
67186		3	41015	5	90001	30000	1+0	6000		1156	
67187		3	41016	5	90001	30000	1+0	6000		1157	
67188		3	41017	5	90001	30000	1+0	6000		1158	
67189		3	41018	5	90001	30000	1+0	6000		1159	
67190		3	41019	5	90001	30000	1+0	6000		1160	
67191		3	41020	5	90001	30000	1+0	6000		1161	
67192		3	41021	5	90001	30000	1+0	6000		1162	
67193		3	41022	5	90001	30000	1+0	6000		1163	
67194		3	41023	5	90001	30000	1+0	6000		1164	
67195		3	41024	5	90001	30000	1+0	6000		1165	
67196		3	41025	5	90001	30000	1+0	6000		1166	
67197		3	41026	5	90001	30000	1+0	6000		1167	
67198		3	41027	5	90001	30000	1+0	6000		1168	
67199		3	41028	5	90001	30000	1+0	6000		1169	
67200		3	41029	5	90001	30000	1+0	6000		1170	
67201		3	41030	5	90001	30000	1+0	6000		1171	
67202		3	41031	5	90001	30000	1+0	6000		1172	
67203		3	41032	5	90001	30000	1+0	6000		1173	
67204		3	41033	5	90001	30000	1+0	6000		1174	
67205		3	41034	5	90001	30000	1+0	6000		1175	
67206		3	41035	5	90001	30000	1+0	6000		1176	
67207		3	41036	5	90001	30000	1+0	6000		1177	
67208		3	41037	5	90001	30000	1+0	6000		1178	
67209		3	41038	5	90001	30000	1+0	6000		1179	
67210		3	41039	5	90001	30000	1+0	6000		1180	
67211		3	41040	5	90001	30000	1+0	6000		1181	
67212		3	41041	5	90001	30000	1+0	6000		1182	
67213		3	41042	5	90001	30000	1+0	6000		1183	
67214		3	41043	5	90001	30000	1+0	6000		1184	
67215		3	41044	5	90001	30000	1+0	6000		1185	
67216		3	41045	5	90001	30000	1+0	6000		1186	
67217		3	41046	5	90001	30000	1+0	6000		1187	
67218		3	41047	5	90001	30000	1+0	6000		1188	
67219		3	41048	5	90001	30000	1+0	6000		1189	
67220		3	41049	5	90001	30000	1+0	6000		1190	
67221		3	41050	5	90001	30000	1+0	6000		1191	
67222		3	41051	5	90001	30000	1+0	6000		1192	
67223		3	41052	5	90001	30000	1+0	6000		1193	
67224		3	41053	5	90001	30000	1+0	6000		1194	
67225		3	41054	5	90001	30000	1+0	6000		1195	
67226		3	41055	5	90001	30000	1+0	6000		1196	
67227		3	41056	5	90001	30000	1+0	6000		1197	
67228		3	41057	5	90001	30000	1+0	6000		1198	
67229		3	41058	5	90001	30000	1+0	6000		1199	
67230		3	41059	5	90001	30000	1+0	6000		1200	
67231		3	41060	5	90001	30000	1+0	6000		1201	
67232		3	41101	5	90001	30000	1+0	6000		1202	
67233		3	41102	5	90001	30000	1+0	6000		1203	
67234		3	41103	5	90001	30000	1+0	6000		1204	
67235		3	41104	5	90001	30000	1+0	6000		1205	
67236		3	41105	5	90001	30000	1+0	6000		1206	
67237		3	41106	5	90001	30000	1+0	6000		1207	
67238		3	41107	5	90001	30000	1+0	6000		1208	
67239		3	41108	5	90001	30000	1+0	6000		1209	
67240		3	41109	5	90001	30000	1+0	6000		1210	
67241		3	41110	5	90001	30000	1+0	6000		1211	
67242		3	41111	5	90001	30000	1+0	6000		1212	
67243		3	41112	5	90001	30000	1+0	6000		1213	
67244		3	41113	5	90001	30000	1+0	6000		1214	
67245		3	41114	5	90001	30000	1+0	6000		1215	
67246		3	41115	5	90001	30000	1+0	6000		1216	
67247		3	41116	5	90001	30000	1+0	6000		1217	
67248		3	41117	5	90001	30000	1+0	6000		1218	
67249		3	41118	5	90001	30000	1+0	6000		1219	
67250		3	41119	5	90001	30000	1+0	6000		1220	
67251		3	41120	5	90001	30000	1+0	6000		1221	
67252		3	41121	5	90001	30000	1+0	6000		1222	
67253		3	41122	5	90001	30000	1+0	6000		1223	
67254		3	41123	5	90001	30000	1+0	6000		1224	
67255		3	41124	5	90001	30000	1+0	6000		1225	
67256		3	41125	5	90001	30000	1+0	6000		1226	
67257		3	41126	5	90001	30000	1+0	6000		1227	
67258		3	41127	5	90001	30000	1+0	6000		1228	
67259		3	41128	5	90001	30000	1+0	6000		1229	
67260		3	41129	5	90001	30000	1+0	6000		1230	
67261		3	41130	5	90001	30000	1+0	6000		1231	
67262		3	45003	1	90003	75000	1+0	6000		1232	
67263		3	45004	1	90003	110000	1+0	6000		1233	
67264		3	45008	1	90003	75000	1+0	6000		1234	
67265		3	45009	1	90003	110000	1+0	6000		1235	
67266		3	45013	1	90003	75000	1+0	6000		1236	
67267		3	45014	1	90003	110000	1+0	6000		1237	
67268		3	45018	1	90003	75000	1+0	6000		1238	
67269		3	45019	1	90003	110000	1+0	6000		1239	
67270		3	45101	1	90003	1300000	1+0	6000		1240	
67271		3	44042	1	90003	750000	1+0	6000		1241	
67272		3	44046	1	90003	750000	1+0	6000		1242	
67273		3	44031	1	90003	60000	1+0	6000		1243	
67274		3	44032	1	90003	120000	1+0	6000		1244	
67275		3	44033	1	90003	360000	1+0	6000		1245	
67276		3	44034	1	90003	720000	1+0	6000		1246	
67277		3	44023	1	90003	65000	1+0	6000		1247	
67278		3	44024	1	90003	130000	1+0	6000		1248	
67279		3	44025	1	90003	390000	1+0	6000		1249	
67280		3	44026	1	90003	780000	1+0	6000		1250	
67281		3	44036	1	90003	75000	1+0	6000		1251	
67282		3	44037	1	90003	100000	1+0	6000		1252	
67283		3	44010	1	90003	500000	1+0	6000		1253	
67284		3	44011	1	90003	500000	1+0	6000		1254	
67285		3	44012	1	90003	500000	1+0	6000		1255	
67286		3	44013	1	90003	500000	1+0	6000		1256	
67287		3	44014	1	90003	1000000	1+0	6000		1257	
67288		3	44015	1	90003	300000	1+0	6000		1258	
67289		3	44016	1	90003	300000	1+0	6000		1259	
67290		3	44017	1	90003	300000	1+0	6000		1260	
67291		3	44018	1	90003	300000	1+0	6000		1261	
67292		3	44019	1	90003	500000	1+0	6000		1262	
67293		3	41001	2	90003	30000	1+0	6000		1263	
67294		3	41002	5	90003	30000	1+0	6000		1264	
67295		3	41003	5	90003	30000	1+0	6000		1265	
67296		3	41004	5	90003	30000	1+0	6000		1266	
67297		3	41005	5	90003	30000	1+0	6000		1267	
67298		3	41006	5	90003	30000	1+0	6000		1268	
67299		3	41007	5	90003	30000	1+0	6000		1269	
67300		3	41008	5	90003	30000	1+0	6000		1270	
67301		3	41009	5	90003	30000	1+0	6000		1271	
67302		3	41010	5	90003	30000	1+0	6000		1272	
67303		3	41011	5	90003	30000	1+0	6000		1273	
67304		3	41012	5	90003	30000	1+0	6000		1274	
67305		3	41013	5	90003	30000	1+0	6000		1275	
67306		3	41014	5	90003	30000	1+0	6000		1276	
67307		3	41015	5	90003	30000	1+0	6000		1277	
67308		3	41016	5	90003	30000	1+0	6000		1278	
67309		3	41017	5	90003	30000	1+0	6000		1279	
67310		3	41018	5	90003	30000	1+0	6000		1280	
67311		3	41019	5	90003	30000	1+0	6000		1281	
67312		3	41020	5	90003	30000	1+0	6000		1282	
67313		3	41021	5	90003	30000	1+0	6000		1283	
67314		3	41022	5	90003	30000	1+0	6000		1284	
67315		3	41023	5	90003	30000	1+0	6000		1285	
67316		3	41024	5	90003	30000	1+0	6000		1286	
67317		3	41025	5	90003	30000	1+0	6000		1287	
67318		3	41026	5	90003	30000	1+0	6000		1288	
67319		3	41027	5	90003	30000	1+0	6000		1289	
67320		3	41028	5	90003	30000	1+0	6000		1290	
67321		3	41029	5	90003	30000	1+0	6000		1291	
67322		3	41030	5	90003	30000	1+0	6000		1292	
67323		3	41031	5	90003	30000	1+0	6000		1293	
67324		3	41032	5	90003	30000	1+0	6000		1294	
67325		3	41033	5	90003	30000	1+0	6000		1295	
67326		3	41034	5	90003	30000	1+0	6000		1296	
67327		3	41035	5	90003	30000	1+0	6000		1297	
67328		3	41036	5	90003	30000	1+0	6000		1298	
67329		3	41037	5	90003	30000	1+0	6000		1299	
67330		3	41038	5	90003	30000	1+0	6000		1300	
67331		3	41039	5	90003	30000	1+0	6000		1301	
67332		3	41040	5	90003	30000	1+0	6000		1302	
67333		3	41041	5	90003	30000	1+0	6000		1303	
67334		3	41042	5	90003	30000	1+0	6000		1304	
67335		3	41043	5	90003	30000	1+0	6000		1305	
67336		3	41044	5	90003	30000	1+0	6000		1306	
67337		3	41045	5	90003	30000	1+0	6000		1307	
67338		3	41046	5	90003	30000	1+0	6000		1308	
67339		3	41047	5	90003	30000	1+0	6000		1309	
67340		3	41048	5	90003	30000	1+0	6000		1310	
67341		3	41049	5	90003	30000	1+0	6000		1311	
67342		3	41050	5	90003	30000	1+0	6000		1312	
67343		3	41051	5	90003	30000	1+0	6000		1313	
67344		3	41052	5	90003	30000	1+0	6000		1314	
67345		3	41053	5	90003	30000	1+0	6000		1315	
67346		3	41054	5	90003	30000	1+0	6000		1316	
67347		3	41055	5	90003	30000	1+0	6000		1317	
67348		3	41056	5	90003	30000	1+0	6000		1318	
67349		3	41057	5	90003	30000	1+0	6000		1319	
67350		3	41058	5	90003	30000	1+0	6000		1320	
67351		3	41059	5	90003	30000	1+0	6000		1321	
67352		3	41060	5	90003	30000	1+0	6000		1322	
67353		3	41101	5	90003	30000	1+0	6000		1323	
67354		3	41102	5	90003	30000	1+0	6000		1324	
67355		3	41103	5	90003	30000	1+0	6000		1325	
67356		3	41104	5	90003	30000	1+0	6000		1326	
67357		3	41105	5	90003	30000	1+0	6000		1327	
67358		3	41106	5	90003	30000	1+0	6000		1328	
67359		3	41107	5	90003	30000	1+0	6000		1329	
67360		3	41108	5	90003	30000	1+0	6000		1330	
67361		3	41109	5	90003	30000	1+0	6000		1331	
67362		3	41110	5	90003	30000	1+0	6000		1332	
67363		3	41111	5	90003	30000	1+0	6000		1333	
67364		3	41112	5	90003	30000	1+0	6000		1334	
67365		3	41113	5	90003	30000	1+0	6000		1335	
67366		3	41114	5	90003	30000	1+0	6000		1336	
67367		3	41115	5	90003	30000	1+0	6000		1337	
67368		3	41116	5	90003	30000	1+0	6000		1338	
67369		3	41117	5	90003	30000	1+0	6000		1339	
67370		3	41118	5	90003	30000	1+0	6000		1340	
67371		3	41119	5	90003	30000	1+0	6000		1341	
67372		3	41120	5	90003	30000	1+0	6000		1342	
67373		3	41121	5	90003	30000	1+0	6000		1343	
67374		3	41122	5	90003	30000	1+0	6000		1344	
67375		3	41123	5	90003	30000	1+0	6000		1345	
67376		3	41124	5	90003	30000	1+0	6000		1346	
67377		3	41125	5	90003	30000	1+0	6000		1347	
67378		3	41126	5	90003	30000	1+0	6000		1348	
67379		3	41127	5	90003	30000	1+0	6000		1349	
67380		3	41128	5	90003	30000	1+0	6000		1350	
67381		3	41129	5	90003	30000	1+0	6000		1351	
67382		3	41130	5	90003	30000	1+0	6000		1352	
67383		3	45003	1	90002	75000	1+0	6000		1353	
67384		3	45004	1	90002	110000	1+0	6000		1354	
67385		3	45008	1	90002	75000	1+0	6000		1355	
67386		3	45009	1	90002	110000	1+0	6000		1356	
67387		3	45013	1	90002	75000	1+0	6000		1357	
67388		3	45014	1	90002	110000	1+0	6000		1358	
67389		3	45018	1	90002	75000	1+0	6000		1359	
67390		3	45019	1	90002	110000	1+0	6000		1360	
67391		3	45101	1	90002	1300000	1+0	6000		1361	
67392		3	44042	1	90002	750000	1+0	6000		1362	
67393		3	44046	1	90002	750000	1+0	6000		1363	
67394		3	44031	1	90002	60000	1+0	6000		1364	
67395		3	44032	1	90002	120000	1+0	6000		1365	
67396		3	44033	1	90002	360000	1+0	6000		1366	
67397		3	44034	1	90002	720000	1+0	6000		1367	
67398		3	44023	1	90002	65000	1+0	6000		1368	
67399		3	44024	1	90002	130000	1+0	6000		1369	
67400		3	44025	1	90002	390000	1+0	6000		1370	
67401		3	44026	1	90002	780000	1+0	6000		1371	
67402		3	44036	1	90002	75000	1+0	6000		1372	
67403		3	44037	1	90002	100000	1+0	6000		1373	
67404		3	44010	1	90002	500000	1+0	6000		1374	
67405		3	44011	1	90002	500000	1+0	6000		1375	
67406		3	44012	1	90002	500000	1+0	6000		1376	
67407		3	44013	1	90002	500000	1+0	6000		1377	
67408		3	44014	1	90002	1000000	1+0	6000		1378	
67409		3	44015	1	90002	300000	1+0	6000		1379	
67410		3	44016	1	90002	300000	1+0	6000		1380	
67411		3	44017	1	90002	300000	1+0	6000		1381	
67412		3	44018	1	90002	300000	1+0	6000		1382	
67413		3	44019	1	90002	500000	1+0	6000		1383	
67414		3	41001	2	90002	30000	1+0	6000		1384	
67415		3	41002	5	90002	30000	1+0	6000		1385	
67416		3	41003	5	90002	30000	1+0	6000		1386	
67417		3	41004	5	90002	30000	1+0	6000		1387	
67418		3	41005	5	90002	30000	1+0	6000		1388	
67419		3	41006	5	90002	30000	1+0	6000		1389	
67420		3	41007	5	90002	30000	1+0	6000		1390	
67421		3	41008	5	90002	30000	1+0	6000		1391	
67422		3	41009	5	90002	30000	1+0	6000		1392	
67423		3	41010	5	90002	30000	1+0	6000		1393	
67424		3	41011	5	90002	30000	1+0	6000		1394	
67425		3	41012	5	90002	30000	1+0	6000		1395	
67426		3	41013	5	90002	30000	1+0	6000		1396	
67427		3	41014	5	90002	30000	1+0	6000		1397	
67428		3	41015	5	90002	30000	1+0	6000		1398	
67429		3	41016	5	90002	30000	1+0	6000		1399	
67430		3	41017	5	90002	30000	1+0	6000		1400	
67431		3	41018	5	90002	30000	1+0	6000		1401	
67432		3	41019	5	90002	30000	1+0	6000		1402	
67433		3	41020	5	90002	30000	1+0	6000		1403	
67434		3	41021	5	90002	30000	1+0	6000		1404	
67435		3	41022	5	90002	30000	1+0	6000		1405	
67436		3	41023	5	90002	30000	1+0	6000		1406	
67437		3	41024	5	90002	30000	1+0	6000		1407	
67438		3	41025	5	90002	30000	1+0	6000		1408	
67439		3	41026	5	90002	30000	1+0	6000		1409	
67440		3	41027	5	90002	30000	1+0	6000		1410	
67441		3	41028	5	90002	30000	1+0	6000		1411	
67442		3	41029	5	90002	30000	1+0	6000		1412	
67443		3	41030	5	90002	30000	1+0	6000		1413	
67444		3	41031	5	90002	30000	1+0	6000		1414	
67445		3	41032	5	90002	30000	1+0	6000		1415	
67446		3	41033	5	90002	30000	1+0	6000		1416	
67447		3	41034	5	90002	30000	1+0	6000		1417	
67448		3	41035	5	90002	30000	1+0	6000		1418	
67449		3	41036	5	90002	30000	1+0	6000		1419	
67450		3	41037	5	90002	30000	1+0	6000		1420	
67451		3	41038	5	90002	30000	1+0	6000		1421	
67452		3	41039	5	90002	30000	1+0	6000		1422	
67453		3	41040	5	90002	30000	1+0	6000		1423	
67454		3	41041	5	90002	30000	1+0	6000		1424	
67455		3	41042	5	90002	30000	1+0	6000		1425	
67456		3	41043	5	90002	30000	1+0	6000		1426	
67457		3	41044	5	90002	30000	1+0	6000		1427	
67458		3	41045	5	90002	30000	1+0	6000		1428	
67459		3	41046	5	90002	30000	1+0	6000		1429	
67460		3	41047	5	90002	30000	1+0	6000		1430	
67461		3	41048	5	90002	30000	1+0	6000		1431	
67462		3	41049	5	90002	30000	1+0	6000		1432	
67463		3	41050	5	90002	30000	1+0	6000		1433	
67464		3	41051	5	90002	30000	1+0	6000		1434	
67465		3	41052	5	90002	30000	1+0	6000		1435	
67466		3	41053	5	90002	30000	1+0	6000		1436	
67467		3	41054	5	90002	30000	1+0	6000		1437	
67468		3	41055	5	90002	30000	1+0	6000		1438	
67469		3	41056	5	90002	30000	1+0	6000		1439	
67470		3	41057	5	90002	30000	1+0	6000		1440	
67471		3	41058	5	90002	30000	1+0	6000		1441	
67472		3	41059	5	90002	30000	1+0	6000		1442	
67473		3	41060	5	90002	30000	1+0	6000		1443	
67474		3	41101	5	90002	30000	1+0	6000		1444	
67475		3	41102	5	90002	30000	1+0	6000		1445	
67476		3	41103	5	90002	30000	1+0	6000		1446	
67477		3	41104	5	90002	30000	1+0	6000		1447	
67478		3	41105	5	90002	30000	1+0	6000		1448	
67479		3	41106	5	90002	30000	1+0	6000		1449	
67480		3	41107	5	90002	30000	1+0	6000		1450	
67481		3	41108	5	90002	30000	1+0	6000		1451	
67482		3	41109	5	90002	30000	1+0	6000		1452	
67483		3	41110	5	90002	30000	1+0	6000		1453	
67484		3	41111	5	90002	30000	1+0	6000		1454	
67485		3	41112	5	90002	30000	1+0	6000		1455	
67486		3	41113	5	90002	30000	1+0	6000		1456	
67487		3	41114	5	90002	30000	1+0	6000		1457	
67488		3	41115	5	90002	30000	1+0	6000		1458	
67489		3	41116	5	90002	30000	1+0	6000		1459	
67490		3	41117	5	90002	30000	1+0	6000		1460	
67491		3	41118	5	90002	30000	1+0	6000		1461	
67492		3	41119	5	90002	30000	1+0	6000		1462	
67493		3	41120	5	90002	30000	1+0	6000		1463	
67494		3	41121	5	90002	30000	1+0	6000		1464	
67495		3	41122	5	90002	30000	1+0	6000		1465	
67496		3	41123	5	90002	30000	1+0	6000		1466	
67497		3	41124	5	90002	30000	1+0	6000		1467	
67498		3	41125	5	90002	30000	1+0	6000		1468	
67499		3	41126	5	90002	30000	1+0	6000		1469	
67500		3	41127	5	90002	30000	1+0	6000		1470	
67501		3	41128	5	90002	30000	1+0	6000		1471	
67502		3	41129	5	90002	30000	1+0	6000		1472	
67503		3	41130	5	90002	30000	1+0	6000		1473	
80001		3	52011	1	90018	810	1+1	10000		1	1
80002		3	52012	1	90018	810	1+1	10000		1	1
80003		3	52013	1	90018	810	1+1	10000		1	1
80004		3	51011	1	90018	405	1+1	10000		1	1
80005		3	51012	1	90018	405	1+1	10000		1	1
80006		3	40045	10	90018	265	1+1	10000		1	1
80007		3	41000	20	90018	40	1+1	10000		1	1
80008		3	44015	1	90018	245	1+1	10000		1	1
80009		3	44016	1	90018	245	1+1	10000		1	1
80010		3	44017	1	90018	245	1+1	10000		1	1
80011		3	44018	1	90018	245	1+1	10000		1	1
80012		3	44019	1	90018	405	1+1	10000		1	1
80013		3	44010	1	90018	405	1+1	10000		1	1
80014		3	44011	1	90018	405	1+1	10000		1	1
80015		3	44012	1	90018	405	1+1	10000		1	1
80016		3	44013	1	90018	405	1+1	10000		1	1
80017		3	44014	1	90018	810	1+1	10000		1	1
80018		3	44007	1	90018	85	1+1	10000		1	1
80019		3	44049	1	90018	405	1+1	10000		1	1
80020		3	44008	1	90018	205	1+1	10000		1	1
80021		3	44006	1	90018	810	1+1	10000		1	1
80022		3	44005	1	90018	405	1+1	10000		1	1
